1 0,000615
2 0,001229
3 0,001844
4 0,002459
5 0,003073
6 0,002760
7 0,002366
8 0,002070
9 0,001840
10 0,001656
11 0,001505
12 0,001380
13 0,001274
14 0,001183
15 0,001104
16 0,001035
17 0,000974
18 0,000920
19 0,000872
20 0,000828
21 0,000789
22 0,000753
23 0,000720
24 0,000690
25 0,000662
26 0,000637
27 0,000613
28 0,000591
29 0,000571
30 0,000552
31 0,000534
32 0,000517
33 0,000502
34 0,000487
35 0,000473
36 0,000460
37 0,000448
38 0,000436
39 0,000425
40 0,000414
41 0,000404
42 0,000394
43 0,000385
44 0,000376
45 0,000368
46 0,000360
47 0,000352
48 0,000345
49 0,000338
50 0,000331
51 0,000325
52 0,000318
53 0,000312
54 0,000307
55 0,000301
56 0,000296
57 0,000291
58 0,000285
59 0,000281
60 0,000276
61 0,000271
62 0,000267
63 0,000263
64 0,000259
65 0,000255
66 0,000251
67 0,000247
68 0,000244
69 0,000240
70 0,000237
71 0,000233
72 0,000230
73 0,000227
74 0,000224
75 0,000221
76 0,000218
77 0,000215
78 0,000212
79 0,000210
80 0,000207
81 0,000204
82 0,000202
83 0,000200
84 0,000197
85 0,000195
86 0,000193
87 0,000190
88 0,000188
89 0,000186
90 0,000184
91 0,000182
92 0,000180
93 0,000178
94 0,000176
95 0,000174
96 0,000172
97 0,000171
98 0,000169
99 0,000167
100 0,000166
101 0,000164
102 0,000162
103 0,000161
104 0,000159
105 0,000158
106 0,000156
107 0,000155
108 0,000153
109 0,000152
110 0,000151
111 0,000149
112 0,000148
113 0,000147
114 0,000145
115 0,000144
116 0,000143
117 0,000142
118 0,000140
119 0,000139
120 0,000138
121 0,000137
122 0,000136
123 0,000135
124 0,000134
125 0,000132
126 0,000131
127 0,000130
128 0,000129
129 0,000128
130 0,000127
131 0,000126
132 0,000125
133 0,000125
134 0,000124
135 0,000123
136 0,000122
137 0,000121
138 0,000120
139 0,000119
140 0,000118
141 0,000117
142 0,000117
143 0,000116
144 0,000115
145 0,000114
146 0,000113
147 0,000113
148 0,000112
149 0,000111
150 0,000110
151 0,000110
152 0,000109
153 0,000108
154 0,000108
155 0,000107
156 0,000106
157 0,000105
158 0,000105
159 0,000104
160 0,000103
161 0,000103
162 0,000102
163 0,000102
164 0,000101
165 0,000100
166 0,000100
167 0,000099
168 0,000099
169 0,000098
170 0,000097
171 0,000097
172 0,000096
173 0,000096
174 0,000095
175 0,000095
176 0,000094
177 0,000094
178 0,000093
179 0,000093
180 0,000092
181 0,000091
182 0,000091
183 0,000090
184 0,000090
185 0,000090
186 0,000089
187 0,000089
188 0,000088
189 0,000088
190 0,000087
191 0,000087
192 0,000086
193 0,000086
194 0,000085
195 0,000085
196 0,000084
197 0,000084
198 0,000084
199 0,000083
200 0,000083
201 0,000082
202 0,000082
203 0,000082
204 0,000081
205 0,000081
206 0,000080
207 0,000080
208 0,000080
209 0,000079
210 0,000079
211 0,000078
212 0,000078
213 0,000078
214 0,000077
215 0,000077
216 0,000077
217 0,000076
218 0,000076
219 0,000076
220 0,000075
221 0,000075
222 0,000075
223 0,000074
224 0,000074
225 0,000074
226 0,000073
227 0,000073
228 0,000073
229 0,000072
230 0,000072
231 0,000072
232 0,000071
233 0,000071
234 0,000071
235 0,000070
236 0,000070
237 0,000070
238 0,000070
239 0,000069
240 0,000069
241 0,000069
242 0,000068
243 0,000068
244 0,000068
245 0,000068
246 0,000067
247 0,000067
248 0,000067
249 0,000067
250 0,000066
251 0,000066
252 0,000066
253 0,000065
254 0,000065
255 0,000065
256 0,000065
257 0,000064
258 0,000064
259 0,000064
260 0,000064
261 0,000063
262 0,000063
263 0,000063
264 0,000063
265 0,000062
266 0,000062
267 0,000062
268 0,000062
269 0,000062
270 0,000061
271 0,000061
272 0,000061
273 0,000061
274 0,000060
275 0,000060
276 0,000060
277 0,000060
278 0,000060
279 0,000059
280 0,000059
281 0,000059
282 0,000059
283 0,000059
284 0,000058
285 0,000058
286 0,000058
287 0,000058
288 0,000057
289 0,000057
290 0,000057
291 0,000057
292 0,000057
293 0,000057
294 0,000056
295 0,000056
296 0,000056
297 0,000056
298 0,000056
299 0,000055
300 0,000055
301 0,000055
302 0,000055
303 0,000055
304 0,000054
305 0,000054
306 0,000054
307 0,000054
308 0,000054
309 0,000054
310 0,000053
311 0,000053
312 0,000053
313 0,000053
314 0,000053
315 0,000053
316 0,000052
317 0,000052
318 0,000052
319 0,000052
320 0,000052
321 0,000052
322 0,000051
323 0,000051
324 0,000051
325 0,000051
326 0,000051
327 0,000051
328 0,000050
329 0,000050
330 0,000050
331 0,000050
332 0,000050
333 0,000050
334 0,000050
335 0,000049
336 0,000049
337 0,000049
338 0,000049
339 0,000049
340 0,000049
341 0,000049
342 0,000048
343 0,000048
344 0,000048
345 0,000048
346 0,000048
347 0,000048
348 0,000048
349 0,000047
350 0,000047
351 0,000047
352 0,000047
353 0,000047
354 0,000047
355 0,000047
356 0,000047
357 0,000046
358 0,000046
359 0,000046
360 0,000046
361 0,000046
362 0,000046
363 0,000046
364 0,000045
365 0,000045
366 0,000045
367 0,000045
368 0,000045
369 0,000045
370 0,000045
371 0,000045
372 0,000045
373 0,000044
374 0,000044
375 0,000044
376 0,000044
377 0,000044
378 0,000044
379 0,000044
380 0,000044
381 0,000043
382 0,000043
383 0,000043
384 0,000043
385 0,000043
386 0,000043
387 0,000043
388 0,000043
389 0,000043
390 0,000042
391 0,000042
392 0,000042
393 0,000042
394 0,000042
395 0,000042
396 0,000042
397 0,000042
398 0,000042
399 0,000042
400 0,000041
401 0,000041
402 0,000041
403 0,000041
404 0,000041
405 0,000041
406 0,000041
407 0,000041
408 0,000041
409 0,000040
410 0,000040
411 0,000040
412 0,000040
413 0,000040
414 0,000040
415 0,000040
416 0,000040
417 0,000040
418 0,000040
419 0,000040
420 0,000039
421 0,000039
422 0,000039
423 0,000039
424 0,000039
425 0,000039
426 0,000039
427 0,000039
428 0,000039
429 0,000039
430 0,000039
431 0,000038
432 0,000038
433 0,000038
434 0,000038
435 0,000038
436 0,000038
437 0,000038
438 0,000038
439 0,000038
440 0,000038
441 0,000038
442 0,000037
443 0,000037
444 0,000037
445 0,000037
446 0,000037
447 0,000037
448 0,000037
449 0,000037
450 0,000037
451 0,000037
452 0,000037
453 0,000037
454 0,000036
455 0,000036
456 0,000036
457 0,000036
458 0,000036
459 0,000036
460 0,000036
461 0,000036
462 0,000036
463 0,000036
464 0,000036
465 0,000036
466 0,000036
467 0,000035
468 0,000035
469 0,000035
470 0,000035
471 0,000035
472 0,000035
473 0,000035
474 0,000035
475 0,000035
476 0,000035
477 0,000035
478 0,000035
479 0,000035
480 0,000034
481 0,000034
482 0,000034
483 0,000034
484 0,000034
485 0,000034
486 0,000034
487 0,000034
488 0,000034
489 0,000034
490 0,000034
491 0,000034
492 0,000034
493 0,000034
494 0,000034
495 0,000033
496 0,000033
497 0,000033
498 0,000033
499 0,000033
500 0,000033
501 0,000033
502 0,000033
503 0,000033
504 0,000033
505 0,000033
506 0,000033
507 0,000033
508 0,000033
509 0,000033
510 0,000032
511 0,000032
512 0,000032
513 0,000032
514 0,000032
515 0,000032
516 0,000032
517 0,000032
518 0,000032
519 0,000032
520 0,000032
521 0,000032
522 0,000032
523 0,000032
524 0,000032
525 0,000032
526 0,000031
527 0,000031
528 0,000031
529 0,000031
530 0,000031
531 0,000031
532 0,000031
533 0,000031
534 0,000031
535 0,000031
536 0,000031
537 0,000031
538 0,000031
539 0,000031
540 0,000031
541 0,000031
542 0,000031
543 0,000030
544 0,000030
545 0,000030
546 0,000030
547 0,000030
548 0,000030
549 0,000030
550 0,000030
551 0,000030
552 0,000030
553 0,000030
554 0,000030
555 0,000030
556 0,000030
557 0,000030
558 0,000030
559 0,000030
560 0,000030
561 0,000030
562 0,000029
563 0,000029
564 0,000029
565 0,000029
566 0,000029
567 0,000029
568 0,000029
569 0,000029
570 0,000029
571 0,000029
572 0,000029
573 0,000029
574 0,000029
575 0,000029
576 0,000029
577 0,000029
578 0,000029
579 0,000029
580 0,000029
581 0,000029
582 0,000028
583 0,000028
584 0,000028
585 0,000028
586 0,000028
587 0,000028
588 0,000028
589 0,000028
590 0,000028
591 0,000028
592 0,000028
593 0,000028
594 0,000028
595 0,000028
596 0,000028
597 0,000028
598 0,000028
599 0,000028
600 0,000028
601 0,000028
602 0,000028
603 0,000027
604 0,000027
605 0,000027
606 0,000027
607 0,000027
608 0,000027
609 0,000027
610 0,000027
611 0,000027
612 0,000027
613 0,000027
614 0,000027
615 0,000027
616 0,000027
617 0,000027
618 0,000027
619 0,000027
620 0,000027
621 0,000027
622 0,000027
623 0,000027
624 0,000027
625 0,000026
626 0,000026
627 0,000026
628 0,000026
629 0,000026
630 0,000026
631 0,000026
632 0,000026
633 0,000026
634 0,000026
635 0,000026
636 0,000026
637 0,000026
638 0,000026
639 0,000026
640 0,000026
641 0,000026
642 0,000026
643 0,000026
644 0,000026
645 0,000026
646 0,000026
647 0,000026
648 0,000026
649 0,000026
650 0,000025
651 0,000025
652 0,000025
653 0,000025
654 0,000025
655 0,000025
656 0,000025
657 0,000025
658 0,000025
659 0,000025
660 0,000025
661 0,000025
662 0,000025
663 0,000025
664 0,000025
665 0,000025
666 0,000025
667 0,000025
668 0,000025
669 0,000025
670 0,000025
671 0,000025
672 0,000025
673 0,000025
674 0,000025
675 0,000025
676 0,000024
677 0,000024
678 0,000024
679 0,000024
680 0,000024
681 0,000024
682 0,000024
683 0,000024
684 0,000024
685 0,000024
686 0,000024
687 0,000024
688 0,000024
689 0,000024
690 0,000024
691 0,000024
692 0,000024
693 0,000024
694 0,000024
695 0,000024
696 0,000024
697 0,000024
698 0,000024
699 0,000024
700 0,000024
701 0,000024
702 0,000024
703 0,000024
704 0,000024
705 0,000023
706 0,000023
707 0,000023
708 0,000023
709 0,000023
710 0,000023
711 0,000023
712 0,000023
713 0,000023
714 0,000023
715 0,000023
716 0,000023
717 0,000023
718 0,000023
719 0,000023
720 0,000023
721 0,000023
722 0,000023
723 0,000023
724 0,000023
725 0,000023
726 0,000023
727 0,000023
728 0,000023
729 0,000023
730 0,000023
731 0,000023
732 0,000023
733 0,000023
734 0,000023
735 0,000023
736 0,000022
737 0,000022
738 0,000022
739 0,000022
740 0,000022
741 0,000022
742 0,000022
743 0,000022
744 0,000022
745 0,000022
746 0,000022
747 0,000022
748 0,000022
749 0,000022
750 0,000022
751 0,000022
752 0,000022
753 0,000022
754 0,000022
755 0,000022
756 0,000022
757 0,000022
758 0,000022
759 0,000022
760 0,000022
761 0,000022
762 0,000022
763 0,000022
764 0,000022
765 0,000022
766 0,000022
767 0,000022
768 0,000022
769 0,000022
770 0,000022
771 0,000021
772 0,000021
773 0,000021
774 0,000021
775 0,000021
776 0,000021
777 0,000021
778 0,000021
779 0,000021
780 0,000021
781 0,000021
782 0,000021
783 0,000021
784 0,000021
785 0,000021
786 0,000021
787 0,000021
788 0,000021
789 0,000021
790 0,000021
791 0,000021
792 0,000021
793 0,000021
794 0,000021
795 0,000021
796 0,000021
797 0,000021
798 0,000021
799 0,000021
800 0,000021
801 0,000021
802 0,000021
803 0,000021
804 0,000021
805 0,000021
806 0,000021
807 0,000021
808 0,000020
809 0,000020
810 0,000020
811 0,000020
812 0,000020
813 0,000020
814 0,000020
815 0,000020
816 0,000020
817 0,000020
818 0,000020
819 0,000020
820 0,000020
821 0,000020
822 0,000020
823 0,000020
824 0,000020
825 0,000020
826 0,000020
827 0,000020
828 0,000020
829 0,000020
830 0,000020
831 0,000020
832 0,000020
833 0,000020
834 0,000020
835 0,000020
836 0,000020
837 0,000020
838 0,000020
839 0,000020
840 0,000020
841 0,000020
842 0,000020
843 0,000020
844 0,000020
845 0,000020
846 0,000020
847 0,000020
848 0,000020
849 0,000020
850 0,000019
851 0,000019
852 0,000019
853 0,000019
854 0,000019
855 0,000019
856 0,000019
857 0,000019
858 0,000019
859 0,000019
860 0,000019
861 0,000019
862 0,000019
863 0,000019
864 0,000019
865 0,000019
866 0,000019
867 0,000019
868 0,000019
869 0,000019
870 0,000019
871 0,000019
872 0,000019
873 0,000019
874 0,000019
875 0,000019
876 0,000019
877 0,000019
878 0,000019
879 0,000019
880 0,000019
881 0,000019
882 0,000019
883 0,000019
884 0,000019
885 0,000019
886 0,000019
887 0,000019
888 0,000019
889 0,000019
890 0,000019
891 0,000019
892 0,000019
893 0,000019
894 0,000019
895 0,000019
896 0,000018
897 0,000018
898 0,000018
899 0,000018
900 0,000018
901 0,000018
902 0,000018
903 0,000018
904 0,000018
905 0,000018
906 0,000018
907 0,000018
908 0,000018
909 0,000018
910 0,000018
911 0,000018
912 0,000018
913 0,000018
914 0,000018
915 0,000018
916 0,000018
917 0,000018
918 0,000018
919 0,000018
920 0,000018
921 0,000018
922 0,000018
923 0,000018
924 0,000018
925 0,000018
926 0,000018
927 0,000018
928 0,000018
929 0,000018
930 0,000018
931 0,000018
932 0,000018
933 0,000018
934 0,000018
935 0,000018
936 0,000018
937 0,000018
938 0,000018
939 0,000018
940 0,000018
941 0,000018
942 0,000018
943 0,000018
944 0,000018
945 0,000018
946 0,000018
947 0,000017
948 0,000017
949 0,000017
950 0,000017
951 0,000017
952 0,000017
953 0,000017
954 0,000017
955 0,000017
956 0,000017
957 0,000017
958 0,000017
959 0,000017
960 0,000017
961 0,000017
962 0,000017
963 0,000017
964 0,000017
965 0,000017
966 0,000017
967 0,000017
968 0,000017
969 0,000017
970 0,000017
971 0,000017
972 0,000017
973 0,000017
974 0,000017
975 0,000017
976 0,000017
977 0,000017
978 0,000017
979 0,000017
980 0,000017
981 0,000017
982 0,000017
983 0,000017
984 0,000017
985 0,000017
986 0,000017
987 0,000017
988 0,000017
989 0,000017
990 0,000017
991 0,000017
992 0,000017
993 0,000017
994 0,000017
995 0,000017
996 0,000017
997 0,000017
998 0,000017
999 0,000017
1000 0,000017
1001 0,000017
1002 0,000017
1003 0,000017
1004 0,000016
1005 0,000016
1006 0,000016
1007 0,000016
1008 0,000016
1009 0,000016
1010 0,000016
1011 0,000016
1012 0,000016
1013 0,000016
1014 0,000016
1015 0,000016
1016 0,000016
1017 0,000016
1018 0,000016
1019 0,000016
1020 0,000016
1021 0,000016
1022 0,000016
1023 0,000016
1024 0,000016
1025 0,000016
1026 0,000016
1027 0,000016
1028 0,000016
1029 0,000016
1030 0,000016
1031 0,000016
1032 0,000016
1033 0,000016
1034 0,000016
1035 0,000016
1036 0,000016
1037 0,000016
1038 0,000016
1039 0,000016
1040 0,000016
1041 0,000016
1042 0,000016
1043 0,000016
1044 0,000016
1045 0,000016
1046 0,000016
1047 0,000016
1048 0,000016
1049 0,000016
1050 0,000016
1051 0,000016
1052 0,000016
1053 0,000016
1054 0,000016
1055 0,000016
1056 0,000016
1057 0,000016
1058 0,000016
1059 0,000016
1060 0,000016
1061 0,000016
1062 0,000016
1063 0,000016
1064 0,000016
1065 0,000016
1066 0,000016
1067 0,000016
1068 0,000016
1069 0,000015
1070 0,000015
1071 0,000015
1072 0,000015
1073 0,000015
1074 0,000015
1075 0,000015
1076 0,000015
1077 0,000015
1078 0,000015
1079 0,000015
1080 0,000015
1081 0,000015
1082 0,000015
1083 0,000015
1084 0,000015
1085 0,000015
1086 0,000015
1087 0,000015
1088 0,000015
1089 0,000015
1090 0,000015
1091 0,000015
1092 0,000015
1093 0,000015
1094 0,000015
1095 0,000015
1096 0,000015
1097 0,000015
1098 0,000015
1099 0,000015
1100 0,000015
1101 0,000015
1102 0,000015
1103 0,000015
1104 0,000015
1105 0,000015
1106 0,000015
1107 0,000015
1108 0,000015
1109 0,000015
1110 0,000015
1111 0,000015
1112 0,000015
1113 0,000015
1114 0,000015
1115 0,000015
1116 0,000015
1117 0,000015
1118 0,000015
1119 0,000015
1120 0,000015
1121 0,000015
1122 0,000015
1123 0,000015
1124 0,000015
1125 0,000015
1126 0,000015
1127 0,000015
1128 0,000015
1129 0,000015
1130 0,000015
1131 0,000015
1132 0,000015
1133 0,000015
1134 0,000015
1135 0,000015
1136 0,000015
1137 0,000015
1138 0,000015
1139 0,000015
1140 0,000015
1141 0,000015
1142 0,000014
1143 0,000014
1144 0,000014
1145 0,000014
1146 0,000014
1147 0,000014
1148 0,000014
1149 0,000014
1150 0,000014
1151 0,000014
1152 0,000014
1153 0,000014
1154 0,000014
1155 0,000014
1156 0,000014
1157 0,000014
1158 0,000014
1159 0,000014
1160 0,000014
1161 0,000014
1162 0,000014
1163 0,000014
1164 0,000014
1165 0,000014
1166 0,000014
1167 0,000014
1168 0,000014
1169 0,000014
1170 0,000014
1171 0,000014
1172 0,000014
1173 0,000014
1174 0,000014
1175 0,000014
1176 0,000014
1177 0,000014
1178 0,000014
1179 0,000014
1180 0,000014
1181 0,000014
1182 0,000014
1183 0,000014
1184 0,000014
1185 0,000014
1186 0,000014
1187 0,000014
1188 0,000014
1189 0,000014
1190 0,000014
1191 0,000014
1192 0,000014
1193 0,000014
1194 0,000014
1195 0,000014
1196 0,000014
1197 0,000014
1198 0,000014
1199 0,000014
1200 0,000014
1201 0,000014
1202 0,000014
1203 0,000014
1204 0,000014
1205 0,000014
1206 0,000014
1207 0,000014
1208 0,000014
1209 0,000014
1210 0,000014
1211 0,000014
1212 0,000014
1213 0,000014
1214 0,000014
1215 0,000014
1216 0,000014
1217 0,000014
1218 0,000014
1219 0,000014
1220 0,000014
1221 0,000014
1222 0,000014
1223 0,000014
1224 0,000014
1225 0,000014
1226 0,000014
1227 0,000013
1228 0,000013
1229 0,000013
1230 0,000013
1231 0,000013
1232 0,000013
1233 0,000013
1234 0,000013
1235 0,000013
1236 0,000013
1237 0,000013
1238 0,000013
1239 0,000013
1240 0,000013
1241 0,000013
1242 0,000013
1243 0,000013
1244 0,000013
1245 0,000013
1246 0,000013
1247 0,000013
1248 0,000013
1249 0,000013
1250 0,000013
1251 0,000013
1252 0,000013
1253 0,000013
1254 0,000013
1255 0,000013
1256 0,000013
1257 0,000013
1258 0,000013
1259 0,000013
1260 0,000013
1261 0,000013
1262 0,000013
1263 0,000013
1264 0,000013
1265 0,000013
1266 0,000013
1267 0,000013
1268 0,000013
1269 0,000013
1270 0,000013
1271 0,000013
1272 0,000013
1273 0,000013
1274 0,000013
1275 0,000013
1276 0,000013
1277 0,000013
1278 0,000013
1279 0,000013
1280 0,000013
1281 0,000013
1282 0,000013
1283 0,000013
1284 0,000013
1285 0,000013
1286 0,000013
1287 0,000013
1288 0,000013
1289 0,000013
1290 0,000013
1291 0,000013
1292 0,000013
1293 0,000013
1294 0,000013
1295 0,000013
1296 0,000013
1297 0,000013
1298 0,000013
1299 0,000013
1300 0,000013
1301 0,000013
1302 0,000013
1303 0,000013
1304 0,000013
1305 0,000013
1306 0,000013
1307 0,000013
1308 0,000013
1309 0,000013
1310 0,000013
1311 0,000013
1312 0,000013
1313 0,000013
1314 0,000013
1315 0,000013
1316 0,000013
1317 0,000013
1318 0,000013
1319 0,000013
1320 0,000013
1321 0,000013
1322 0,000013
1323 0,000013
1324 0,000013
1325 0,000012
1326 0,000012
1327 0,000012
1328 0,000012
1329 0,000012
1330 0,000012
1331 0,000012
1332 0,000012
1333 0,000012
1334 0,000012
1335 0,000012
1336 0,000012
1337 0,000012
1338 0,000012
1339 0,000012
1340 0,000012
1341 0,000012
1342 0,000012
1343 0,000012
1344 0,000012
1345 0,000012
1346 0,000012
1347 0,000012
1348 0,000012
1349 0,000012
1350 0,000012
1351 0,000012
1352 0,000012
1353 0,000012
1354 0,000012
1355 0,000012
1356 0,000012
1357 0,000012
1358 0,000012
1359 0,000012
1360 0,000012
1361 0,000012
1362 0,000012
1363 0,000012
1364 0,000012
1365 0,000012
1366 0,000012
1367 0,000012
1368 0,000012
1369 0,000012
1370 0,000012
1371 0,000012
1372 0,000012
1373 0,000012
1374 0,000012
1375 0,000012
1376 0,000012
1377 0,000012
1378 0,000012
1379 0,000012
1380 0,000012
1381 0,000012
1382 0,000012
1383 0,000012
1384 0,000012
1385 0,000012
1386 0,000012
1387 0,000012
1388 0,000012
1389 0,000012
1390 0,000012
1391 0,000012
1392 0,000012
1393 0,000012
1394 0,000012
1395 0,000012
1396 0,000012
1397 0,000012
1398 0,000012
1399 0,000012
1400 0,000012
1401 0,000012
1402 0,000012
1403 0,000012
1404 0,000012
1405 0,000012
1406 0,000012
1407 0,000012
1408 0,000012
1409 0,000012
1410 0,000012
1411 0,000012
1412 0,000012
1413 0,000012
1414 0,000012
1415 0,000012
1416 0,000012
1417 0,000012
1418 0,000012
1419 0,000012
1420 0,000012
1421 0,000012
1422 0,000012
1423 0,000012
1424 0,000012
1425 0,000012
1426 0,000012
1427 0,000012
1428 0,000012
1429 0,000012
1430 0,000012
1431 0,000012
1432 0,000012
1433 0,000012
1434 0,000012
1435 0,000012
1436 0,000012
1437 0,000012
1438 0,000012
1439 0,000012
1440 0,000011
1441 0,000011
1442 0,000011
1443 0,000011
1444 0,000011
1445 0,000011
1446 0,000011
1447 0,000011
1448 0,000011
1449 0,000011
1450 0,000011
1451 0,000011
1452 0,000011
1453 0,000011
1454 0,000011
1455 0,000011
1456 0,000011
1457 0,000011
1458 0,000011
1459 0,000011
1460 0,000011
1461 0,000011
1462 0,000011
1463 0,000011
1464 0,000011
1465 0,000011
1466 0,000011
1467 0,000011
1468 0,000011
1469 0,000011
1470 0,000011
1471 0,000011
1472 0,000011
1473 0,000011
1474 0,000011
1475 0,000011
1476 0,000011
1477 0,000011
1478 0,000011
1479 0,000011
1480 0,000011
1481 0,000011
1482 0,000011
1483 0,000011
1484 0,000011
1485 0,000011
1486 0,000011
1487 0,000011
1488 0,000011
1489 0,000011
1490 0,000011
1491 0,000011
1492 0,000011
1493 0,000011
1494 0,000011
1495 0,000011
1496 0,000011
1497 0,000011
1498 0,000011
1499 0,000011
1500 0,000011
1501 0,000011
1502 0,000011
1503 0,000011
1504 0,000011
1505 0,000011
1506 0,000011
1507 0,000011
1508 0,000011
1509 0,000011
1510 0,000011
1511 0,000011
1512 0,000011
1513 0,000011
1514 0,000011
1515 0,000011
1516 0,000011
1517 0,000011
1518 0,000011
1519 0,000011
1520 0,000011
1521 0,000011
1522 0,000011
1523 0,000011
1524 0,000011
1525 0,000011
1526 0,000011
1527 0,000011
1528 0,000011
1529 0,000011
1530 0,000011
1531 0,000011
1532 0,000011
1533 0,000011
1534 0,000011
1535 0,000011
1536 0,000011
1537 0,000011
1538 0,000011
1539 0,000011
1540 0,000011
1541 0,000011
1542 0,000011
1543 0,000011
1544 0,000011
1545 0,000011
1546 0,000011
1547 0,000011
1548 0,000011
1549 0,000011
1550 0,000011
1551 0,000011
1552 0,000011
1553 0,000011
1554 0,000011
1555 0,000011
1556 0,000011
1557 0,000011
1558 0,000011
1559 0,000011
1560 0,000011
1561 0,000011
1562 0,000011
1563 0,000011
1564 0,000011
1565 0,000011
1566 0,000011
1567 0,000011
1568 0,000011
1569 0,000011
1570 0,000011
1571 0,000011
1572 0,000011
1573 0,000011
1574 0,000011
1575 0,000011
1576 0,000011
1577 0,000011
1578 0,000010
1579 0,000010
1580 0,000010
1581 0,000010
1582 0,000010
1583 0,000010
1584 0,000010
1585 0,000010
1586 0,000010
1587 0,000010
1588 0,000010
1589 0,000010
1590 0,000010
1591 0,000010
1592 0,000010
1593 0,000010
1594 0,000010
1595 0,000010
1596 0,000010
1597 0,000010
1598 0,000010
1599 0,000010
1600 0,000010
1601 0,000010
1602 0,000010
1603 0,000010
1604 0,000010
1605 0,000010
1606 0,000010
1607 0,000010
1608 0,000010
1609 0,000010
1610 0,000010
1611 0,000010
1612 0,000010
1613 0,000010
1614 0,000010
1615 0,000010
1616 0,000010
1617 0,000010
1618 0,000010
1619 0,000010
1620 0,000010
1621 0,000010
1622 0,000010
1623 0,000010
1624 0,000010
1625 0,000010
1626 0,000010
1627 0,000010
1628 0,000010
1629 0,000010
1630 0,000010
1631 0,000010
1632 0,000010
1633 0,000010
1634 0,000010
1635 0,000010
1636 0,000010
1637 0,000010
1638 0,000010
1639 0,000010
1640 0,000010
1641 0,000010
1642 0,000010
1643 0,000010
1644 0,000010
1645 0,000010
1646 0,000010
1647 0,000010
1648 0,000010
1649 0,000010
1650 0,000010
1651 0,000010
1652 0,000010
1653 0,000010
1654 0,000010
1655 0,000010
1656 0,000010
1657 0,000010
1658 0,000010
1659 0,000010
1660 0,000010
1661 0,000010
1662 0,000010
1663 0,000010
1664 0,000010
1665 0,000010
1666 0,000010
1667 0,000010
1668 0,000010
1669 0,000010
1670 0,000010
1671 0,000010
1672 0,000010
1673 0,000010
1674 0,000010
1675 0,000010
1676 0,000010
1677 0,000010
1678 0,000010
1679 0,000010
1680 0,000010
1681 0,000010
1682 0,000010
1683 0,000010
1684 0,000010
1685 0,000010
1686 0,000010
1687 0,000010
1688 0,000010
1689 0,000010
1690 0,000010
1691 0,000010
1692 0,000010
1693 0,000010
1694 0,000010
1695 0,000010
1696 0,000010
1697 0,000010
1698 0,000010
1699 0,000010
1700 0,000010
1701 0,000010
1702 0,000010
1703 0,000010
1704 0,000010
1705 0,000010
1706 0,000010
1707 0,000010
1708 0,000010
1709 0,000010
1710 0,000010
1711 0,000010
1712 0,000010
1713 0,000010
1714 0,000010
1715 0,000010
1716 0,000010
1717 0,000010
1718 0,000010
1719 0,000010
1720 0,000010
1721 0,000010
1722 0,000010
1723 0,000010
1724 0,000010
1725 0,000010
1726 0,000010
1727 0,000010
1728 0,000010
1729 0,000010
1730 0,000010
1731 0,000010
1732 0,000010
1733 0,000010
1734 0,000010
1735 0,000010
1736 0,000010
1737 0,000010
1738 0,000010
1739 0,000010
1740 0,000010
1741 0,000010
1742 0,000010
1743 0,000010
1744 0,000009
1745 0,000009
1746 0,000009
1747 0,000009
1748 0,000009
1749 0,000009
1750 0,000009
1751 0,000009
1752 0,000009
1753 0,000009
1754 0,000009
1755 0,000009
1756 0,000009
1757 0,000009
1758 0,000009
1759 0,000009
1760 0,000009
1761 0,000009
1762 0,000009
1763 0,000009
1764 0,000009
1765 0,000009
1766 0,000009
1767 0,000009
1768 0,000009
1769 0,000009
1770 0,000009
1771 0,000009
1772 0,000009
1773 0,000009
1774 0,000009
1775 0,000009
1776 0,000009
1777 0,000009
1778 0,000009
1779 0,000009
1780 0,000009
1781 0,000009
1782 0,000009
1783 0,000009
1784 0,000009
1785 0,000009
1786 0,000009
1787 0,000009
1788 0,000009
1789 0,000009
1790 0,000009
1791 0,000009
1792 0,000009
1793 0,000009
1794 0,000009
1795 0,000009
1796 0,000009
1797 0,000009
1798 0,000009
1799 0,000009
1800 0,000009
1801 0,000009
1802 0,000009
1803 0,000009
1804 0,000009
1805 0,000009
1806 0,000009
1807 0,000009
1808 0,000009
1809 0,000009
1810 0,000009
1811 0,000009
1812 0,000009
1813 0,000009
1814 0,000009
1815 0,000009
1816 0,000009
1817 0,000009
1818 0,000009
1819 0,000009
1820 0,000009
1821 0,000009
1822 0,000009
1823 0,000009
1824 0,000009
1825 0,000009
1826 0,000009
1827 0,000009
1828 0,000009
1829 0,000009
1830 0,000009
1831 0,000009
1832 0,000009
1833 0,000009
1834 0,000009
1835 0,000009
1836 0,000009
1837 0,000009
1838 0,000009
1839 0,000009
1840 0,000009
1841 0,000009
1842 0,000009
1843 0,000009
1844 0,000009
1845 0,000009
1846 0,000009
1847 0,000009
1848 0,000009
1849 0,000009
1850 0,000009
1851 0,000009
1852 0,000009
1853 0,000009
1854 0,000009
1855 0,000009
1856 0,000009
1857 0,000009
1858 0,000009
1859 0,000009
1860 0,000009
1861 0,000009
1862 0,000009
1863 0,000009
1864 0,000009
1865 0,000009
1866 0,000009
1867 0,000009
1868 0,000009
1869 0,000009
1870 0,000009
1871 0,000009
1872 0,000009
1873 0,000009
1874 0,000009
1875 0,000009
1876 0,000009
1877 0,000009
1878 0,000009
1879 0,000009
1880 0,000009
1881 0,000009
1882 0,000009
1883 0,000009
1884 0,000009
1885 0,000009
1886 0,000009
1887 0,000009
1888 0,000009
1889 0,000009
1890 0,000009
1891 0,000009
1892 0,000009
1893 0,000009
1894 0,000009
1895 0,000009
1896 0,000009
1897 0,000009
1898 0,000009
1899 0,000009
1900 0,000009
1901 0,000009
1902 0,000009
1903 0,000009
1904 0,000009
1905 0,000009
1906 0,000009
1907 0,000009
1908 0,000009
1909 0,000009
1910 0,000009
1911 0,000009
1912 0,000009
1913 0,000009
1914 0,000009
1915 0,000009
1916 0,000009
1917 0,000009
1918 0,000009
1919 0,000009
1920 0,000009
1921 0,000009
1922 0,000009
1923 0,000009
1924 0,000009
1925 0,000009
1926 0,000009
1927 0,000009
1928 0,000009
1929 0,000009
1930 0,000009
1931 0,000009
1932 0,000009
1933 0,000009
1934 0,000009
1935 0,000009
1936 0,000009
1937 0,000009
1938 0,000009
1939 0,000009
1940 0,000009
1941 0,000009
1942 0,000009
1943 0,000009
1944 0,000009
1945 0,000009
1946 0,000009
1947 0,000009
1948 0,000009
1949 0,000008
1950 0,000008
1951 0,000008
1952 0,000008
1953 0,000008
1954 0,000008
1955 0,000008
1956 0,000008
1957 0,000008
1958 0,000008
1959 0,000008
1960 0,000008
1961 0,000008
1962 0,000008
1963 0,000008
1964 0,000008
1965 0,000008
1966 0,000008
1967 0,000008
1968 0,000008
1969 0,000008
1970 0,000008
1971 0,000008
1972 0,000008
1973 0,000008
1974 0,000008
1975 0,000008
1976 0,000008
1977 0,000008
1978 0,000008
1979 0,000008
1980 0,000008
1981 0,000008
1982 0,000008
1983 0,000008
1984 0,000008
1985 0,000008
1986 0,000008
1987 0,000008
1988 0,000008
1989 0,000008
1990 0,000008
1991 0,000008
1992 0,000008
1993 0,000008
1994 0,000008
1995 0,000008
1996 0,000008
1997 0,000008
1998 0,000008
1999 0,000008
2000 0,000008
2001 0,000008
2002 0,000008
2003 0,000008
2004 0,000008
2005 0,000008
2006 0,000008
2007 0,000008
2008 0,000008
2009 0,000008
2010 0,000008
2011 0,000008
2012 0,000008
2013 0,000008
2014 0,000008
2015 0,000008
2016 0,000008
2017 0,000008
2018 0,000008
2019 0,000008
2020 0,000008
2021 0,000008
2022 0,000008
2023 0,000008
2024 0,000008
2025 0,000008
2026 0,000008
2027 0,000008
2028 0,000008
2029 0,000008
2030 0,000008
2031 0,000008
2032 0,000008
2033 0,000008
2034 0,000008
2035 0,000008
2036 0,000008
2037 0,000008
2038 0,000008
2039 0,000008
2040 0,000008
2041 0,000008
2042 0,000008
2043 0,000008
2044 0,000008
2045 0,000008
2046 0,000008
2047 0,000008
2048 0,000008
2049 0,000008
2050 0,000008
2051 0,000008
2052 0,000008
2053 0,000008
2054 0,000008
2055 0,000008
2056 0,000008
2057 0,000008
2058 0,000008
2059 0,000008
2060 0,000008
2061 0,000008
2062 0,000008
2063 0,000008
2064 0,000008
2065 0,000008
2066 0,000008
2067 0,000008
2068 0,000008
2069 0,000008
2070 0,000008
2071 0,000008
2072 0,000008
2073 0,000008
2074 0,000008
2075 0,000008
2076 0,000008
2077 0,000008
2078 0,000008
2079 0,000008
2080 0,000008
2081 0,000008
2082 0,000008
2083 0,000008
2084 0,000008
2085 0,000008
2086 0,000008
2087 0,000008
2088 0,000008
2089 0,000008
2090 0,000008
2091 0,000008
2092 0,000008
2093 0,000008
2094 0,000008
2095 0,000008
2096 0,000008
2097 0,000008
2098 0,000008
2099 0,000008
2100 0,000008
2101 0,000008
2102 0,000008
2103 0,000008
2104 0,000008
2105 0,000008
2106 0,000008
2107 0,000008
2108 0,000008
2109 0,000008
2110 0,000008
2111 0,000008
2112 0,000008
2113 0,000008
2114 0,000008
2115 0,000008
2116 0,000008
2117 0,000008
2118 0,000008
2119 0,000008
2120 0,000008
2121 0,000008
2122 0,000008
2123 0,000008
2124 0,000008
2125 0,000008
2126 0,000008
2127 0,000008
2128 0,000008
2129 0,000008
2130 0,000008
2131 0,000008
2132 0,000008
2133 0,000008
2134 0,000008
2135 0,000008
2136 0,000008
2137 0,000008
2138 0,000008
2139 0,000008
2140 0,000008
2141 0,000008
2142 0,000008
2143 0,000008
2144 0,000008
2145 0,000008
2146 0,000008
2147 0,000008
2148 0,000008
2149 0,000008
2150 0,000008
2151 0,000008
2152 0,000008
2153 0,000008
2154 0,000008
2155 0,000008
2156 0,000008
2157 0,000008
2158 0,000008
2159 0,000008
2160 0,000008
2161 0,000008
2162 0,000008
2163 0,000008
2164 0,000008
2165 0,000008
2166 0,000008
2167 0,000008
2168 0,000008
2169 0,000008
2170 0,000008
2171 0,000008
2172 0,000008
2173 0,000008
2174 0,000008
2175 0,000008
2176 0,000008
2177 0,000008
2178 0,000008
2179 0,000008
2180 0,000008
2181 0,000008
2182 0,000008
2183 0,000008
2184 0,000008
2185 0,000008
2186 0,000008
2187 0,000008
2188 0,000008
2189 0,000008
2190 0,000008
2191 0,000008
2192 0,000008
2193 0,000008
2194 0,000008
2195 0,000008
2196 0,000008
2197 0,000008
2198 0,000008
2199 0,000008
2200 0,000008
2201 0,000008
2202 0,000008
2203 0,000008
2204 0,000008
2205 0,000008
2206 0,000008
2207 0,000008
2208 0,000007
2209 0,000007
2210 0,000007
2211 0,000007
2212 0,000007
2213 0,000007
2214 0,000007
2215 0,000007
2216 0,000007
2217 0,000007
2218 0,000007
2219 0,000007
2220 0,000007
2221 0,000007
2222 0,000007
2223 0,000007
2224 0,000007
2225 0,000007
2226 0,000007
2227 0,000007
2228 0,000007
2229 0,000007
2230 0,000007
2231 0,000007
2232 0,000007
2233 0,000007
2234 0,000007
2235 0,000007
2236 0,000007
2237 0,000007
2238 0,000007
2239 0,000007
2240 0,000007
2241 0,000007
2242 0,000007
2243 0,000007
2244 0,000007
2245 0,000007
2246 0,000007
2247 0,000007
2248 0,000007
2249 0,000007
2250 0,000007
2251 0,000007
2252 0,000007
2253 0,000007
2254 0,000007
2255 0,000007
2256 0,000007
2257 0,000007
2258 0,000007
2259 0,000007
2260 0,000007
2261 0,000007
2262 0,000007
2263 0,000007
2264 0,000007
2265 0,000007
2266 0,000007
2267 0,000007
2268 0,000007
2269 0,000007
2270 0,000007
2271 0,000007
2272 0,000007
2273 0,000007
2274 0,000007
2275 0,000007
2276 0,000007
2277 0,000007
2278 0,000007
2279 0,000007
2280 0,000007
2281 0,000007
2282 0,000007
2283 0,000007
2284 0,000007
2285 0,000007
2286 0,000007
2287 0,000007
2288 0,000007
2289 0,000007
2290 0,000007
2291 0,000007
2292 0,000007
2293 0,000007
2294 0,000007
2295 0,000007
2296 0,000007
2297 0,000007
2298 0,000007
2299 0,000007
2300 0,000007
2301 0,000007
2302 0,000007
2303 0,000007
2304 0,000007
2305 0,000007
2306 0,000007
2307 0,000007
2308 0,000007
2309 0,000007
2310 0,000007
2311 0,000007
2312 0,000007
2313 0,000007
2314 0,000007
2315 0,000007
2316 0,000007
2317 0,000007
2318 0,000007
2319 0,000007
2320 0,000007
2321 0,000007
2322 0,000007
2323 0,000007
2324 0,000007
2325 0,000007
2326 0,000007
2327 0,000007
2328 0,000007
2329 0,000007
2330 0,000007
2331 0,000007
2332 0,000007
2333 0,000007
2334 0,000007
2335 0,000007
2336 0,000007
2337 0,000007
2338 0,000007
2339 0,000007
2340 0,000007
2341 0,000007
2342 0,000007
2343 0,000007
2344 0,000007
2345 0,000007
2346 0,000007
2347 0,000007
2348 0,000007
2349 0,000007
2350 0,000007
2351 0,000007
2352 0,000007
2353 0,000007
2354 0,000007
2355 0,000007
2356 0,000007
2357 0,000007
2358 0,000007
2359 0,000007
2360 0,000007
2361 0,000007
2362 0,000007
2363 0,000007
2364 0,000007
2365 0,000007
2366 0,000007
2367 0,000007
2368 0,000007
2369 0,000007
2370 0,000007
2371 0,000007
2372 0,000007
2373 0,000007
2374 0,000007
2375 0,000007
2376 0,000007
2377 0,000007
2378 0,000007
2379 0,000007
2380 0,000007
2381 0,000007
2382 0,000007
2383 0,000007
2384 0,000007
2385 0,000007
2386 0,000007
2387 0,000007
2388 0,000007
2389 0,000007
2390 0,000007
2391 0,000007
2392 0,000007
2393 0,000007
2394 0,000007
2395 0,000007
2396 0,000007
2397 0,000007
2398 0,000007
2399 0,000007
2400 0,000007
2401 0,000007
2402 0,000007
2403 0,000007
2404 0,000007
2405 0,000007
2406 0,000007
2407 0,000007
2408 0,000007
2409 0,000007
2410 0,000007
2411 0,000007
2412 0,000007
2413 0,000007
2414 0,000007
2415 0,000007
2416 0,000007
2417 0,000007
2418 0,000007
2419 0,000007
2420 0,000007
2421 0,000007
2422 0,000007
2423 0,000007
2424 0,000007
2425 0,000007
2426 0,000007
2427 0,000007
2428 0,000007
2429 0,000007
2430 0,000007
2431 0,000007
2432 0,000007
2433 0,000007
2434 0,000007
2435 0,000007
2436 0,000007
2437 0,000007
2438 0,000007
2439 0,000007
2440 0,000007
2441 0,000007
2442 0,000007
2443 0,000007
2444 0,000007
2445 0,000007
2446 0,000007
2447 0,000007
2448 0,000007
2449 0,000007
2450 0,000007
2451 0,000007
2452 0,000007
2453 0,000007
2454 0,000007
2455 0,000007
2456 0,000007
2457 0,000007
2458 0,000007
2459 0,000007
2460 0,000007
2461 0,000007
2462 0,000007
2463 0,000007
2464 0,000007
2465 0,000007
2466 0,000007
2467 0,000007
2468 0,000007
2469 0,000007
2470 0,000007
2471 0,000007
2472 0,000007
2473 0,000007
2474 0,000007
2475 0,000007
2476 0,000007
2477 0,000007
2478 0,000007
2479 0,000007
2480 0,000007
2481 0,000007
2482 0,000007
2483 0,000007
2484 0,000007
2485 0,000007
2486 0,000007
2487 0,000007
2488 0,000007
2489 0,000007
2490 0,000007
2491 0,000007
2492 0,000007
2493 0,000007
2494 0,000007
2495 0,000007
2496 0,000007
2497 0,000007
2498 0,000007
2499 0,000007
2500 0,000007
2501 0,000007
2502 0,000007
2503 0,000007
2504 0,000007
2505 0,000007
2506 0,000007
2507 0,000007
2508 0,000007
2509 0,000007
2510 0,000007
2511 0,000007
2512 0,000007
2513 0,000007
2514 0,000007
2515 0,000007
2516 0,000007
2517 0,000007
2518 0,000007
2519 0,000007
2520 0,000007
2521 0,000007
2522 0,000007
2523 0,000007
2524 0,000007
2525 0,000007
2526 0,000007
2527 0,000007
2528 0,000007
2529 0,000007
2530 0,000007
2531 0,000007
2532 0,000007
2533 0,000007
2534 0,000007
2535 0,000007
2536 0,000007
2537 0,000007
2538 0,000007
2539 0,000007
2540 0,000007
2541 0,000007
2542 0,000007
2543 0,000007
2544 0,000007
2545 0,000007
2546 0,000007
2547 0,000007
2548 0,000006
2549 0,000006
2550 0,000006
2551 0,000006
2552 0,000006
2553 0,000006
2554 0,000006
2555 0,000006
2556 0,000006
2557 0,000006
2558 0,000006
2559 0,000006
2560 0,000006
2561 0,000006
2562 0,000006
2563 0,000006
2564 0,000006
2565 0,000006
2566 0,000006
2567 0,000006
2568 0,000006
2569 0,000006
2570 0,000006
2571 0,000006
2572 0,000006
2573 0,000006
2574 0,000006
2575 0,000006
2576 0,000006
2577 0,000006
2578 0,000006
2579 0,000006
2580 0,000006
2581 0,000006
2582 0,000006
2583 0,000006
2584 0,000006
2585 0,000006
2586 0,000006
2587 0,000006
2588 0,000006
2589 0,000006
2590 0,000006
2591 0,000006
2592 0,000006
2593 0,000006
2594 0,000006
2595 0,000006
2596 0,000006
2597 0,000006
2598 0,000006
2599 0,000006
2600 0,000006
2601 0,000006
2602 0,000006
2603 0,000006
2604 0,000006
2605 0,000006
2606 0,000006
2607 0,000006
2608 0,000006
2609 0,000006
2610 0,000006
2611 0,000006
2612 0,000006
2613 0,000006
2614 0,000006
2615 0,000006
2616 0,000006
2617 0,000006
2618 0,000006
2619 0,000006
2620 0,000006
2621 0,000006
2622 0,000006
2623 0,000006
2624 0,000006
2625 0,000006
2626 0,000006
2627 0,000006
2628 0,000006
2629 0,000006
2630 0,000006
2631 0,000006
2632 0,000006
2633 0,000006
2634 0,000006
2635 0,000006
2636 0,000006
2637 0,000006
2638 0,000006
2639 0,000006
2640 0,000006
2641 0,000006
2642 0,000006
2643 0,000006
2644 0,000006
2645 0,000006
2646 0,000006
2647 0,000006
2648 0,000006
2649 0,000006
2650 0,000006
2651 0,000006
2652 0,000006
2653 0,000006
2654 0,000006
2655 0,000006
2656 0,000006
2657 0,000006
2658 0,000006
2659 0,000006
2660 0,000006
2661 0,000006
2662 0,000006
2663 0,000006
2664 0,000006
2665 0,000006
2666 0,000006
2667 0,000006
2668 0,000006
2669 0,000006
2670 0,000006
2671 0,000006
2672 0,000006
2673 0,000006
2674 0,000006
2675 0,000006
2676 0,000006
2677 0,000006
2678 0,000006
2679 0,000006
2680 0,000006
2681 0,000006
2682 0,000006
2683 0,000006
2684 0,000006
2685 0,000006
2686 0,000006
2687 0,000006
2688 0,000006
2689 0,000006
2690 0,000006
2691 0,000006
2692 0,000006
2693 0,000006
2694 0,000006
2695 0,000006
2696 0,000006
2697 0,000006
2698 0,000006
2699 0,000006
2700 0,000006
2701 0,000006
2702 0,000006
2703 0,000006
2704 0,000006
2705 0,000006
2706 0,000006
2707 0,000006
2708 0,000006
2709 0,000006
2710 0,000006
2711 0,000006
2712 0,000006
2713 0,000006
2714 0,000006
2715 0,000006
2716 0,000006
2717 0,000006
2718 0,000006
2719 0,000006
2720 0,000006
2721 0,000006
2722 0,000006
2723 0,000006
2724 0,000006
2725 0,000006
2726 0,000006
2727 0,000006
2728 0,000006
2729 0,000006
2730 0,000006
2731 0,000006
2732 0,000006
2733 0,000006
2734 0,000006
2735 0,000006
2736 0,000006
2737 0,000006
2738 0,000006
2739 0,000006
2740 0,000006
2741 0,000006
2742 0,000006
2743 0,000006
2744 0,000006
2745 0,000006
2746 0,000006
2747 0,000006
2748 0,000006
2749 0,000006
2750 0,000006
2751 0,000006
2752 0,000006
2753 0,000006
2754 0,000006
2755 0,000006
2756 0,000006
2757 0,000006
2758 0,000006
2759 0,000006
2760 0,000006
2761 0,000006
2762 0,000006
2763 0,000006
2764 0,000006
2765 0,000006
2766 0,000006
2767 0,000006
2768 0,000006
2769 0,000006
2770 0,000006
2771 0,000006
2772 0,000006
2773 0,000006
2774 0,000006
2775 0,000006
2776 0,000006
2777 0,000006
2778 0,000006
2779 0,000006
2780 0,000006
2781 0,000006
2782 0,000006
2783 0,000006
2784 0,000006
2785 0,000006
2786 0,000006
2787 0,000006
2788 0,000006
2789 0,000006
2790 0,000006
2791 0,000006
2792 0,000006
2793 0,000006
2794 0,000006
2795 0,000006
2796 0,000006
2797 0,000006
2798 0,000006
2799 0,000006
2800 0,000006
2801 0,000006
2802 0,000006
2803 0,000006
2804 0,000006
2805 0,000006
2806 0,000006
2807 0,000006
2808 0,000006
2809 0,000006
2810 0,000006
2811 0,000006
2812 0,000006
2813 0,000006
2814 0,000006
2815 0,000006
2816 0,000006
2817 0,000006
2818 0,000006
2819 0,000006
2820 0,000006
2821 0,000006
2822 0,000006
2823 0,000006
2824 0,000006
2825 0,000006
2826 0,000006
2827 0,000006
2828 0,000006
2829 0,000006
2830 0,000006
2831 0,000006
2832 0,000006
2833 0,000006
2834 0,000006
2835 0,000006
2836 0,000006
2837 0,000006
2838 0,000006
2839 0,000006
2840 0,000006
2841 0,000006
2842 0,000006
2843 0,000006
2844 0,000006
2845 0,000006
2846 0,000006
2847 0,000006
2848 0,000006
2849 0,000006
2850 0,000006
2851 0,000006
2852 0,000006
2853 0,000006
2854 0,000006
2855 0,000006
2856 0,000006
2857 0,000006
2858 0,000006
2859 0,000006
2860 0,000006
2861 0,000006
2862 0,000006
2863 0,000006
2864 0,000006
2865 0,000006
2866 0,000006
2867 0,000006
2868 0,000006
2869 0,000006
2870 0,000006
2871 0,000006
2872 0,000006
2873 0,000006
2874 0,000006
2875 0,000006
2876 0,000006
2877 0,000006
2878 0,000006
2879 0,000006
2880 0,000006
2881 0,000006
2882 0,000006
2883 0,000006
2884 0,000006
2885 0,000006
2886 0,000006
2887 0,000006
2888 0,000006
2889 0,000006
2890 0,000006
2891 0,000006
2892 0,000006
2893 0,000006
2894 0,000006
2895 0,000006
2896 0,000006
2897 0,000006
2898 0,000006
2899 0,000006
2900 0,000006
2901 0,000006
2902 0,000006
2903 0,000006
2904 0,000006
2905 0,000006
2906 0,000006
2907 0,000006
2908 0,000006
2909 0,000006
2910 0,000006
2911 0,000006
2912 0,000006
2913 0,000006
2914 0,000006
2915 0,000006
2916 0,000006
2917 0,000006
2918 0,000006
2919 0,000006
2920 0,000006
2921 0,000006
2922 0,000006
2923 0,000006
2924 0,000006
2925 0,000006
2926 0,000006
2927 0,000006
2928 0,000006
2929 0,000006
2930 0,000006
2931 0,000006
2932 0,000006
2933 0,000006
2934 0,000006
2935 0,000006
2936 0,000006
2937 0,000006
2938 0,000006
2939 0,000006
2940 0,000006
2941 0,000006
2942 0,000006
2943 0,000006
2944 0,000006
2945 0,000006
2946 0,000006
2947 0,000006
2948 0,000006
2949 0,000006
2950 0,000006
2951 0,000006
2952 0,000006
2953 0,000006
2954 0,000006
2955 0,000006
2956 0,000006
2957 0,000006
2958 0,000006
2959 0,000006
2960 0,000006
2961 0,000006
2962 0,000006
2963 0,000006
2964 0,000006
2965 0,000006
2966 0,000006
2967 0,000006
2968 0,000006
2969 0,000006
2970 0,000006
2971 0,000006
2972 0,000006
2973 0,000006
2974 0,000006
2975 0,000006
2976 0,000006
2977 0,000006
2978 0,000006
2979 0,000006
2980 0,000006
2981 0,000006
2982 0,000006
2983 0,000006
2984 0,000006
2985 0,000006
2986 0,000006
2987 0,000006
2988 0,000006
2989 0,000006
2990 0,000006
2991 0,000006
2992 0,000006
2993 0,000006
2994 0,000006
2995 0,000006
2996 0,000006
2997 0,000006
2998 0,000006
2999 0,000006
3000 0,000006
3001 0,000006
3002 0,000006
3003 0,000006
3004 0,000006
3005 0,000006
3006 0,000006
3007 0,000006
3008 0,000006
3009 0,000006
3010 0,000006
3011 0,000005
3012 0,000005
3013 0,000005
3014 0,000005
3015 0,000005
3016 0,000005
3017 0,000005
3018 0,000005
3019 0,000005
3020 0,000005
3021 0,000005
3022 0,000005
3023 0,000005
3024 0,000005
3025 0,000005
3026 0,000005
3027 0,000005
3028 0,000005
3029 0,000005
3030 0,000005
3031 0,000005
3032 0,000005
3033 0,000005
3034 0,000005
3035 0,000005
3036 0,000005
3037 0,000005
3038 0,000005
3039 0,000005
3040 0,000005
3041 0,000005
3042 0,000005
3043 0,000005
3044 0,000005
3045 0,000005
3046 0,000005
3047 0,000005
3048 0,000005
3049 0,000005
3050 0,000005
3051 0,000005
3052 0,000005
3053 0,000005
3054 0,000005
3055 0,000005
3056 0,000005
3057 0,000005
3058 0,000005
3059 0,000005
3060 0,000005
3061 0,000005
3062 0,000005
3063 0,000005
3064 0,000005
3065 0,000005
3066 0,000005
3067 0,000005
3068 0,000005
3069 0,000005
3070 0,000005
3071 0,000005
3072 0,000005
3073 0,000005
3074 0,000005
3075 0,000005
3076 0,000005
3077 0,000005
3078 0,000005
3079 0,000005
3080 0,000005
3081 0,000005
3082 0,000005
3083 0,000005
3084 0,000005
3085 0,000005
3086 0,000005
3087 0,000005
3088 0,000005
3089 0,000005
3090 0,000005
3091 0,000005
3092 0,000005
3093 0,000005
3094 0,000005
3095 0,000005
3096 0,000005
3097 0,000005
3098 0,000005
3099 0,000005
3100 0,000005
3101 0,000005
3102 0,000005
3103 0,000005
3104 0,000005
3105 0,000005
3106 0,000005
3107 0,000005
3108 0,000005
3109 0,000005
3110 0,000005
3111 0,000005
3112 0,000005
3113 0,000005
3114 0,000005
3115 0,000005
3116 0,000005
3117 0,000005
3118 0,000005
3119 0,000005
3120 0,000005
3121 0,000005
3122 0,000005
3123 0,000005
3124 0,000005
3125 0,000005
3126 0,000005
3127 0,000005
3128 0,000005
3129 0,000005
3130 0,000005
3131 0,000005
3132 0,000005
3133 0,000005
3134 0,000005
3135 0,000005
3136 0,000005
3137 0,000005
3138 0,000005
3139 0,000005
3140 0,000005
3141 0,000005
3142 0,000005
3143 0,000005
3144 0,000005
3145 0,000005
3146 0,000005
3147 0,000005
3148 0,000005
3149 0,000005
3150 0,000005
3151 0,000005
3152 0,000005
3153 0,000005
3154 0,000005
3155 0,000005
3156 0,000005
3157 0,000005
3158 0,000005
3159 0,000005
3160 0,000005
3161 0,000005
3162 0,000005
3163 0,000005
3164 0,000005
3165 0,000005
3166 0,000005
3167 0,000005
3168 0,000005
3169 0,000005
3170 0,000005
3171 0,000005
3172 0,000005
3173 0,000005
3174 0,000005
3175 0,000005
3176 0,000005
3177 0,000005
3178 0,000005
3179 0,000005
3180 0,000005
3181 0,000005
3182 0,000005
3183 0,000005
3184 0,000005
3185 0,000005
3186 0,000005
3187 0,000005
3188 0,000005
3189 0,000005
3190 0,000005
3191 0,000005
3192 0,000005
3193 0,000005
3194 0,000005
3195 0,000005
3196 0,000005
3197 0,000005
3198 0,000005
3199 0,000005
3200 0,000005
3201 0,000005
3202 0,000005
3203 0,000005
3204 0,000005
3205 0,000005
3206 0,000005
3207 0,000005
3208 0,000005
3209 0,000005
3210 0,000005
3211 0,000005
3212 0,000005
3213 0,000005
3214 0,000005
3215 0,000005
3216 0,000005
3217 0,000005
3218 0,000005
3219 0,000005
3220 0,000005
3221 0,000005
3222 0,000005
3223 0,000005
3224 0,000005
3225 0,000005
3226 0,000005
3227 0,000005
3228 0,000005
3229 0,000005
3230 0,000005
3231 0,000005
3232 0,000005
3233 0,000005
3234 0,000005
3235 0,000005
3236 0,000005
3237 0,000005
3238 0,000005
3239 0,000005
3240 0,000005
3241 0,000005
3242 0,000005
3243 0,000005
3244 0,000005
3245 0,000005
3246 0,000005
3247 0,000005
3248 0,000005
3249 0,000005
3250 0,000005
3251 0,000005
3252 0,000005
3253 0,000005
3254 0,000005
3255 0,000005
3256 0,000005
3257 0,000005
3258 0,000005
3259 0,000005
3260 0,000005
3261 0,000005
3262 0,000005
3263 0,000005
3264 0,000005
3265 0,000005
3266 0,000005
3267 0,000005
3268 0,000005
3269 0,000005
3270 0,000005
3271 0,000005
3272 0,000005
3273 0,000005
3274 0,000005
3275 0,000005
3276 0,000005
3277 0,000005
3278 0,000005
3279 0,000005
3280 0,000005
3281 0,000005
3282 0,000005
3283 0,000005
3284 0,000005
3285 0,000005
3286 0,000005
3287 0,000005
3288 0,000005
3289 0,000005
3290 0,000005
3291 0,000005
3292 0,000005
3293 0,000005
3294 0,000005
3295 0,000005
3296 0,000005
3297 0,000005
3298 0,000005
3299 0,000005
3300 0,000005
3301 0,000005
3302 0,000005
3303 0,000005
3304 0,000005
3305 0,000005
3306 0,000005
3307 0,000005
3308 0,000005
3309 0,000005
3310 0,000005
3311 0,000005
3312 0,000005
3313 0,000005
3314 0,000005
3315 0,000005
3316 0,000005
3317 0,000005
3318 0,000005
3319 0,000005
3320 0,000005
3321 0,000005
3322 0,000005
3323 0,000005
3324 0,000005
3325 0,000005
3326 0,000005
3327 0,000005
3328 0,000005
3329 0,000005
3330 0,000005
3331 0,000005
3332 0,000005
3333 0,000005
3334 0,000005
3335 0,000005
3336 0,000005
3337 0,000005
3338 0,000005
3339 0,000005
3340 0,000005
3341 0,000005
3342 0,000005
3343 0,000005
3344 0,000005
3345 0,000005
3346 0,000005
3347 0,000005
3348 0,000005
3349 0,000005
3350 0,000005
3351 0,000005
3352 0,000005
3353 0,000005
3354 0,000005
3355 0,000005
3356 0,000005
3357 0,000005
3358 0,000005
3359 0,000005
3360 0,000005
3361 0,000005
3362 0,000005
3363 0,000005
3364 0,000005
3365 0,000005
3366 0,000005
3367 0,000005
3368 0,000005
3369 0,000005
3370 0,000005
3371 0,000005
3372 0,000005
3373 0,000005
3374 0,000005
3375 0,000005
3376 0,000005
3377 0,000005
3378 0,000005
3379 0,000005
3380 0,000005
3381 0,000005
3382 0,000005
3383 0,000005
3384 0,000005
3385 0,000005
3386 0,000005
3387 0,000005
3388 0,000005
3389 0,000005
3390 0,000005
3391 0,000005
3392 0,000005
3393 0,000005
3394 0,000005
3395 0,000005
3396 0,000005
3397 0,000005
3398 0,000005
3399 0,000005
3400 0,000005
3401 0,000005
3402 0,000005
3403 0,000005
3404 0,000005
3405 0,000005
3406 0,000005
3407 0,000005
3408 0,000005
3409 0,000005
3410 0,000005
3411 0,000005
3412 0,000005
3413 0,000005
3414 0,000005
3415 0,000005
3416 0,000005
3417 0,000005
3418 0,000005
3419 0,000005
3420 0,000005
3421 0,000005
3422 0,000005
3423 0,000005
3424 0,000005
3425 0,000005
3426 0,000005
3427 0,000005
3428 0,000005
3429 0,000005
3430 0,000005
3431 0,000005
3432 0,000005
3433 0,000005
3434 0,000005
3435 0,000005
3436 0,000005
3437 0,000005
3438 0,000005
3439 0,000005
3440 0,000005
3441 0,000005
3442 0,000005
3443 0,000005
3444 0,000005
3445 0,000005
3446 0,000005
3447 0,000005
3448 0,000005
3449 0,000005
3450 0,000005
3451 0,000005
3452 0,000005
3453 0,000005
3454 0,000005
3455 0,000005
3456 0,000005
3457 0,000005
3458 0,000005
3459 0,000005
3460 0,000005
3461 0,000005
3462 0,000005
3463 0,000005
3464 0,000005
3465 0,000005
3466 0,000005
3467 0,000005
3468 0,000005
3469 0,000005
3470 0,000005
3471 0,000005
3472 0,000005
3473 0,000005
3474 0,000005
3475 0,000005
3476 0,000005
3477 0,000005
3478 0,000005
3479 0,000005
3480 0,000005
3481 0,000005
3482 0,000005
3483 0,000005
3484 0,000005
3485 0,000005
3486 0,000005
3487 0,000005
3488 0,000005
3489 0,000005
3490 0,000005
3491 0,000005
3492 0,000005
3493 0,000005
3494 0,000005
3495 0,000005
3496 0,000005
3497 0,000005
3498 0,000005
3499 0,000005
3500 0,000005
3501 0,000005
3502 0,000005
3503 0,000005
3504 0,000005
3505 0,000005
3506 0,000005
3507 0,000005
3508 0,000005
3509 0,000005
3510 0,000005
3511 0,000005
3512 0,000005
3513 0,000005
3514 0,000005
3515 0,000005
3516 0,000005
3517 0,000005
3518 0,000005
3519 0,000005
3520 0,000005
3521 0,000005
3522 0,000005
3523 0,000005
3524 0,000005
3525 0,000005
3526 0,000005
3527 0,000005
3528 0,000005
3529 0,000005
3530 0,000005
3531 0,000005
3532 0,000005
3533 0,000005
3534 0,000005
3535 0,000005
3536 0,000005
3537 0,000005
3538 0,000005
3539 0,000005
3540 0,000005
3541 0,000005
3542 0,000005
3543 0,000005
3544 0,000005
3545 0,000005
3546 0,000005
3547 0,000005
3548 0,000005
3549 0,000005
3550 0,000005
3551 0,000005
3552 0,000005
3553 0,000005
3554 0,000005
3555 0,000005
3556 0,000005
3557 0,000005
3558 0,000005
3559 0,000005
3560 0,000005
3561 0,000005
3562 0,000005
3563 0,000005
3564 0,000005
3565 0,000005
3566 0,000005
3567 0,000005
3568 0,000005
3569 0,000005
3570 0,000005
3571 0,000005
3572 0,000005
3573 0,000005
3574 0,000005
3575 0,000005
3576 0,000005
3577 0,000005
3578 0,000005
3579 0,000005
3580 0,000005
3581 0,000005
3582 0,000005
3583 0,000005
3584 0,000005
3585 0,000005
3586 0,000005
3587 0,000005
3588 0,000005
3589 0,000005
3590 0,000005
3591 0,000005
3592 0,000005
3593 0,000005
3594 0,000005
3595 0,000005
3596 0,000005
3597 0,000005
3598 0,000005
3599 0,000005
3600 0,000005
3601 0,000005
3602 0,000005
3603 0,000005
3604 0,000005
3605 0,000005
3606 0,000005
3607 0,000005
3608 0,000005
3609 0,000005
3610 0,000005
3611 0,000005
3612 0,000005
3613 0,000005
3614 0,000005
3615 0,000005
3616 0,000005
3617 0,000005
3618 0,000005
3619 0,000005
3620 0,000005
3621 0,000005
3622 0,000005
3623 0,000005
3624 0,000005
3625 0,000005
3626 0,000005
3627 0,000005
3628 0,000005
3629 0,000005
3630 0,000005
3631 0,000005
3632 0,000005
3633 0,000005
3634 0,000005
3635 0,000005
3636 0,000005
3637 0,000005
3638 0,000005
3639 0,000005
3640 0,000005
3641 0,000005
3642 0,000005
3643 0,000005
3644 0,000005
3645 0,000005
3646 0,000005
3647 0,000005
3648 0,000005
3649 0,000005
3650 0,000005
3651 0,000005
3652 0,000005
3653 0,000005
3654 0,000005
3655 0,000005
3656 0,000005
3657 0,000005
3658 0,000005
3659 0,000005
3660 0,000005
3661 0,000005
3662 0,000005
3663 0,000005
3664 0,000005
3665 0,000005
3666 0,000005
3667 0,000005
3668 0,000005
3669 0,000005
3670 0,000005
3671 0,000005
3672 0,000005
3673 0,000005
3674 0,000005
3675 0,000005
3676 0,000005
3677 0,000005
3678 0,000005
3679 0,000005
3680 0,000004
3681 0,000004
3682 0,000004
3683 0,000004
3684 0,000004
3685 0,000004
3686 0,000004
3687 0,000004
3688 0,000004
3689 0,000004
3690 0,000004
3691 0,000004
3692 0,000004
3693 0,000004
3694 0,000004
3695 0,000004
3696 0,000004
3697 0,000004
3698 0,000004
3699 0,000004
3700 0,000004
3701 0,000004
3702 0,000004
3703 0,000004
3704 0,000004
3705 0,000004
3706 0,000004
3707 0,000004
3708 0,000004
3709 0,000004
3710 0,000004
3711 0,000004
3712 0,000004
3713 0,000004
3714 0,000004
3715 0,000004
3716 0,000004
3717 0,000004
3718 0,000004
3719 0,000004
3720 0,000004
3721 0,000004
3722 0,000004
3723 0,000004
3724 0,000004
3725 0,000004
3726 0,000004
3727 0,000004
3728 0,000004
3729 0,000004
3730 0,000004
3731 0,000004
3732 0,000004
3733 0,000004
3734 0,000004
3735 0,000004
3736 0,000004
3737 0,000004
3738 0,000004
3739 0,000004
3740 0,000004
3741 0,000004
3742 0,000004
3743 0,000004
3744 0,000004
3745 0,000004
3746 0,000004
3747 0,000004
3748 0,000004
3749 0,000004
3750 0,000004
3751 0,000004
3752 0,000004
3753 0,000004
3754 0,000004
3755 0,000004
3756 0,000004
3757 0,000004
3758 0,000004
3759 0,000004
3760 0,000004
3761 0,000004
3762 0,000004
3763 0,000004
3764 0,000004
3765 0,000004
3766 0,000004
3767 0,000004
3768 0,000004
3769 0,000004
3770 0,000004
3771 0,000004
3772 0,000004
3773 0,000004
3774 0,000004
3775 0,000004
3776 0,000004
3777 0,000004
3778 0,000004
3779 0,000004
3780 0,000004
3781 0,000004
3782 0,000004
3783 0,000004
3784 0,000004
3785 0,000004
3786 0,000004
3787 0,000004
3788 0,000004
3789 0,000004
3790 0,000004
3791 0,000004
3792 0,000004
3793 0,000004
3794 0,000004
3795 0,000004
3796 0,000004
3797 0,000004
3798 0,000004
3799 0,000004
3800 0,000004
3801 0,000004
3802 0,000004
3803 0,000004
3804 0,000004
3805 0,000004
3806 0,000004
3807 0,000004
3808 0,000004
3809 0,000004
3810 0,000004
3811 0,000004
3812 0,000004
3813 0,000004
3814 0,000004
3815 0,000004
3816 0,000004
3817 0,000004
3818 0,000004
3819 0,000004
3820 0,000004
3821 0,000004
3822 0,000004
3823 0,000004
3824 0,000004
3825 0,000004
3826 0,000004
3827 0,000004
3828 0,000004
3829 0,000004
3830 0,000004
3831 0,000004
3832 0,000004
3833 0,000004
3834 0,000004
3835 0,000004
3836 0,000004
3837 0,000004
3838 0,000004
3839 0,000004
3840 0,000004
3841 0,000004
3842 0,000004
3843 0,000004
3844 0,000004
3845 0,000004
3846 0,000004
3847 0,000004
3848 0,000004
3849 0,000004
3850 0,000004
3851 0,000004
3852 0,000004
3853 0,000004
3854 0,000004
3855 0,000004
3856 0,000004
3857 0,000004
3858 0,000004
3859 0,000004
3860 0,000004
3861 0,000004
3862 0,000004
3863 0,000004
3864 0,000004
3865 0,000004
3866 0,000004
3867 0,000004
3868 0,000004
3869 0,000004
3870 0,000004
3871 0,000004
3872 0,000004
3873 0,000004
3874 0,000004
3875 0,000004
3876 0,000004
3877 0,000004
3878 0,000004
3879 0,000004
3880 0,000004
3881 0,000004
3882 0,000004
3883 0,000004
3884 0,000004
3885 0,000004
3886 0,000004
3887 0,000004
3888 0,000004
3889 0,000004
3890 0,000004
3891 0,000004
3892 0,000004
3893 0,000004
3894 0,000004
3895 0,000004
3896 0,000004
3897 0,000004
3898 0,000004
3899 0,000004
3900 0,000004
3901 0,000004
3902 0,000004
3903 0,000004
3904 0,000004
3905 0,000004
3906 0,000004
3907 0,000004
3908 0,000004
3909 0,000004
3910 0,000004
3911 0,000004
3912 0,000004
3913 0,000004
3914 0,000004
3915 0,000004
3916 0,000004
3917 0,000004
3918 0,000004
3919 0,000004
3920 0,000004
3921 0,000004
3922 0,000004
3923 0,000004
3924 0,000004
3925 0,000004
3926 0,000004
3927 0,000004
3928 0,000004
3929 0,000004
3930 0,000004
3931 0,000004
3932 0,000004
3933 0,000004
3934 0,000004
3935 0,000004
3936 0,000004
3937 0,000004
3938 0,000004
3939 0,000004
3940 0,000004
3941 0,000004
3942 0,000004
3943 0,000004
3944 0,000004
3945 0,000004
3946 0,000004
3947 0,000004
3948 0,000004
3949 0,000004
3950 0,000004
3951 0,000004
3952 0,000004
3953 0,000004
3954 0,000004
3955 0,000004
3956 0,000004
3957 0,000004
3958 0,000004
3959 0,000004
3960 0,000004
3961 0,000004
3962 0,000004
3963 0,000004
3964 0,000004
3965 0,000004
3966 0,000004
3967 0,000004
3968 0,000004
3969 0,000004
3970 0,000004
3971 0,000004
3972 0,000004
3973 0,000004
3974 0,000004
3975 0,000004
3976 0,000004
3977 0,000004
3978 0,000004
3979 0,000004
3980 0,000004
3981 0,000004
3982 0,000004
3983 0,000004
3984 0,000004
3985 0,000004
3986 0,000004
3987 0,000004
3988 0,000004
3989 0,000004
3990 0,000004
3991 0,000004
3992 0,000004
3993 0,000004
3994 0,000004
3995 0,000004
3996 0,000004
3997 0,000004
3998 0,000004
3999 0,000004
4000 0,000004
4001 0,000004
4002 0,000004
4003 0,000004
4004 0,000004
4005 0,000004
4006 0,000004
4007 0,000004
4008 0,000004
4009 0,000004
4010 0,000004
4011 0,000004
4012 0,000004
4013 0,000004
4014 0,000004
4015 0,000004
4016 0,000004
4017 0,000004
4018 0,000004
4019 0,000004
4020 0,000004
4021 0,000004
4022 0,000004
4023 0,000004
4024 0,000004
4025 0,000004
4026 0,000004
4027 0,000004
4028 0,000004
4029 0,000004
4030 0,000004
4031 0,000004
4032 0,000004
4033 0,000004
4034 0,000004
4035 0,000004
4036 0,000004
4037 0,000004
4038 0,000004
4039 0,000004
4040 0,000004
4041 0,000004
4042 0,000004
4043 0,000004
4044 0,000004
4045 0,000004
4046 0,000004
4047 0,000004
4048 0,000004
4049 0,000004
4050 0,000004
4051 0,000004
4052 0,000004
4053 0,000004
4054 0,000004
4055 0,000004
4056 0,000004
4057 0,000004
4058 0,000004
4059 0,000004
4060 0,000004
4061 0,000004
4062 0,000004
4063 0,000004
4064 0,000004
4065 0,000004
4066 0,000004
4067 0,000004
4068 0,000004
4069 0,000004
4070 0,000004
4071 0,000004
4072 0,000004
4073 0,000004
4074 0,000004
4075 0,000004
4076 0,000004
4077 0,000004
4078 0,000004
4079 0,000004
4080 0,000004
4081 0,000004
4082 0,000004
4083 0,000004
4084 0,000004
4085 0,000004
4086 0,000004
4087 0,000004
4088 0,000004
4089 0,000004
4090 0,000004
4091 0,000004
4092 0,000004
4093 0,000004
4094 0,000004
4095 0,000004
4096 0,000004
4097 0,000004
4098 0,000004
4099 0,000004
4100 0,000004
4101 0,000004
4102 0,000004
4103 0,000004
4104 0,000004
4105 0,000004
4106 0,000004
4107 0,000004
4108 0,000004
4109 0,000004
4110 0,000004
4111 0,000004
4112 0,000004
4113 0,000004
4114 0,000004
4115 0,000004
4116 0,000004
4117 0,000004
4118 0,000004
4119 0,000004
4120 0,000004
4121 0,000004
4122 0,000004
4123 0,000004
4124 0,000004
4125 0,000004
4126 0,000004
4127 0,000004
4128 0,000004
4129 0,000004
4130 0,000004
4131 0,000004
4132 0,000004
4133 0,000004
4134 0,000004
4135 0,000004
4136 0,000004
4137 0,000004
4138 0,000004
4139 0,000004
4140 0,000004
4141 0,000004
4142 0,000004
4143 0,000004
4144 0,000004
4145 0,000004
4146 0,000004
4147 0,000004
4148 0,000004
4149 0,000004
4150 0,000004
4151 0,000004
4152 0,000004
4153 0,000004
4154 0,000004
4155 0,000004
4156 0,000004
4157 0,000004
4158 0,000004
4159 0,000004
4160 0,000004
4161 0,000004
4162 0,000004
4163 0,000004
4164 0,000004
4165 0,000004
4166 0,000004
4167 0,000004
4168 0,000004
4169 0,000004
4170 0,000004
4171 0,000004
4172 0,000004
4173 0,000004
4174 0,000004
4175 0,000004
4176 0,000004
4177 0,000004
4178 0,000004
4179 0,000004
4180 0,000004
4181 0,000004
4182 0,000004
4183 0,000004
4184 0,000004
4185 0,000004
4186 0,000004
4187 0,000004
4188 0,000004
4189 0,000004
4190 0,000004
4191 0,000004
4192 0,000004
4193 0,000004
4194 0,000004
4195 0,000004
4196 0,000004
4197 0,000004
4198 0,000004
4199 0,000004
4200 0,000004
4201 0,000004
4202 0,000004
4203 0,000004
4204 0,000004
4205 0,000004
4206 0,000004
4207 0,000004
4208 0,000004
4209 0,000004
4210 0,000004
4211 0,000004
4212 0,000004
4213 0,000004
4214 0,000004
4215 0,000004
4216 0,000004
4217 0,000004
4218 0,000004
4219 0,000004
4220 0,000004
4221 0,000004
4222 0,000004
4223 0,000004
4224 0,000004
4225 0,000004
4226 0,000004
4227 0,000004
4228 0,000004
4229 0,000004
4230 0,000004
4231 0,000004
4232 0,000004
4233 0,000004
4234 0,000004
4235 0,000004
4236 0,000004
4237 0,000004
4238 0,000004
4239 0,000004
4240 0,000004
4241 0,000004
4242 0,000004
4243 0,000004
4244 0,000004
4245 0,000004
4246 0,000004
4247 0,000004
4248 0,000004
4249 0,000004
4250 0,000004
4251 0,000004
4252 0,000004
4253 0,000004
4254 0,000004
4255 0,000004
4256 0,000004
4257 0,000004
4258 0,000004
4259 0,000004
4260 0,000004
4261 0,000004
4262 0,000004
4263 0,000004
4264 0,000004
4265 0,000004
4266 0,000004
4267 0,000004
4268 0,000004
4269 0,000004
4270 0,000004
4271 0,000004
4272 0,000004
4273 0,000004
4274 0,000004
4275 0,000004
4276 0,000004
4277 0,000004
4278 0,000004
4279 0,000004
4280 0,000004
4281 0,000004
4282 0,000004
4283 0,000004
4284 0,000004
4285 0,000004
4286 0,000004
4287 0,000004
4288 0,000004
4289 0,000004
4290 0,000004
4291 0,000004
4292 0,000004
4293 0,000004
4294 0,000004
4295 0,000004
4296 0,000004
4297 0,000004
4298 0,000004
4299 0,000004
4300 0,000004
4301 0,000004
4302 0,000004
4303 0,000004
4304 0,000004
4305 0,000004
4306 0,000004
4307 0,000004
4308 0,000004
4309 0,000004
4310 0,000004
4311 0,000004
4312 0,000004
4313 0,000004
4314 0,000004
4315 0,000004
4316 0,000004
4317 0,000004
4318 0,000004
4319 0,000004
4320 0,000004
4321 0,000004
4322 0,000004
4323 0,000004
4324 0,000004
4325 0,000004
4326 0,000004
4327 0,000004
4328 0,000004
4329 0,000004
4330 0,000004
4331 0,000004
4332 0,000004
4333 0,000004
4334 0,000004
4335 0,000004
4336 0,000004
4337 0,000004
4338 0,000004
4339 0,000004
4340 0,000004
4341 0,000004
4342 0,000004
4343 0,000004
4344 0,000004
4345 0,000004
4346 0,000004
4347 0,000004
4348 0,000004
4349 0,000004
4350 0,000004
4351 0,000004
4352 0,000004
4353 0,000004
4354 0,000004
4355 0,000004
4356 0,000004
4357 0,000004
4358 0,000004
4359 0,000004
4360 0,000004
4361 0,000004
4362 0,000004
4363 0,000004
4364 0,000004
4365 0,000004
4366 0,000004
4367 0,000004
4368 0,000004
4369 0,000004
4370 0,000004
4371 0,000004
4372 0,000004
4373 0,000004
4374 0,000004
4375 0,000004
4376 0,000004
4377 0,000004
4378 0,000004
4379 0,000004
4380 0,000004
4381 0,000004
4382 0,000004
4383 0,000004
4384 0,000004
4385 0,000004
4386 0,000004
4387 0,000004
4388 0,000004
4389 0,000004
4390 0,000004
4391 0,000004
4392 0,000004
4393 0,000004
4394 0,000004
4395 0,000004
4396 0,000004
4397 0,000004
4398 0,000004
4399 0,000004
4400 0,000004
4401 0,000004
4402 0,000004
4403 0,000004
4404 0,000004
4405 0,000004
4406 0,000004
4407 0,000004
4408 0,000004
4409 0,000004
4410 0,000004
4411 0,000004
4412 0,000004
4413 0,000004
4414 0,000004
4415 0,000004
4416 0,000004
4417 0,000004
4418 0,000004
4419 0,000004
4420 0,000004
4421 0,000004
4422 0,000004
4423 0,000004
4424 0,000004
4425 0,000004
4426 0,000004
4427 0,000004
4428 0,000004
4429 0,000004
4430 0,000004
4431 0,000004
4432 0,000004
4433 0,000004
4434 0,000004
4435 0,000004
4436 0,000004
4437 0,000004
4438 0,000004
4439 0,000004
4440 0,000004
4441 0,000004
4442 0,000004
4443 0,000004
4444 0,000004
4445 0,000004
4446 0,000004
4447 0,000004
4448 0,000004
4449 0,000004
4450 0,000004
4451 0,000004
4452 0,000004
4453 0,000004
4454 0,000004
4455 0,000004
4456 0,000004
4457 0,000004
4458 0,000004
4459 0,000004
4460 0,000004
4461 0,000004
4462 0,000004
4463 0,000004
4464 0,000004
4465 0,000004
4466 0,000004
4467 0,000004
4468 0,000004
4469 0,000004
4470 0,000004
4471 0,000004
4472 0,000004
4473 0,000004
4474 0,000004
4475 0,000004
4476 0,000004
4477 0,000004
4478 0,000004
4479 0,000004
4480 0,000004
4481 0,000004
4482 0,000004
4483 0,000004
4484 0,000004
4485 0,000004
4486 0,000004
4487 0,000004
4488 0,000004
4489 0,000004
4490 0,000004
4491 0,000004
4492 0,000004
4493 0,000004
4494 0,000004
4495 0,000004
4496 0,000004
4497 0,000004
4498 0,000004
4499 0,000004
4500 0,000004
4501 0,000004
4502 0,000004
4503 0,000004
4504 0,000004
4505 0,000004
4506 0,000004
4507 0,000004
4508 0,000004
4509 0,000004
4510 0,000004
4511 0,000004
4512 0,000004
4513 0,000004
4514 0,000004
4515 0,000004
4516 0,000004
4517 0,000004
4518 0,000004
4519 0,000004
4520 0,000004
4521 0,000004
4522 0,000004
4523 0,000004
4524 0,000004
4525 0,000004
4526 0,000004
4527 0,000004
4528 0,000004
4529 0,000004
4530 0,000004
4531 0,000004
4532 0,000004
4533 0,000004
4534 0,000004
4535 0,000004
4536 0,000004
4537 0,000004
4538 0,000004
4539 0,000004
4540 0,000004
4541 0,000004
4542 0,000004
4543 0,000004
4544 0,000004
4545 0,000004
4546 0,000004
4547 0,000004
4548 0,000004
4549 0,000004
4550 0,000004
4551 0,000004
4552 0,000004
4553 0,000004
4554 0,000004
4555 0,000004
4556 0,000004
4557 0,000004
4558 0,000004
4559 0,000004
4560 0,000004
4561 0,000004
4562 0,000004
4563 0,000004
4564 0,000004
4565 0,000004
4566 0,000004
4567 0,000004
4568 0,000004
4569 0,000004
4570 0,000004
4571 0,000004
4572 0,000004
4573 0,000004
4574 0,000004
4575 0,000004
4576 0,000004
4577 0,000004
4578 0,000004
4579 0,000004
4580 0,000004
4581 0,000004
4582 0,000004
4583 0,000004
4584 0,000004
4585 0,000004
4586 0,000004
4587 0,000004
4588 0,000004
4589 0,000004
4590 0,000004
4591 0,000004
4592 0,000004
4593 0,000004
4594 0,000004
4595 0,000004
4596 0,000004
4597 0,000004
4598 0,000004
4599 0,000004
4600 0,000004
4601 0,000004
4602 0,000004
4603 0,000004
4604 0,000004
4605 0,000004
4606 0,000004
4607 0,000004
4608 0,000004
4609 0,000004
4610 0,000004
4611 0,000004
4612 0,000004
4613 0,000004
4614 0,000004
4615 0,000004
4616 0,000004
4617 0,000004
4618 0,000004
4619 0,000004
4620 0,000004
4621 0,000004
4622 0,000004
4623 0,000004
4624 0,000004
4625 0,000004
4626 0,000004
4627 0,000004
4628 0,000004
4629 0,000004
4630 0,000004
4631 0,000004
4632 0,000004
4633 0,000004
4634 0,000004
4635 0,000004
4636 0,000004
4637 0,000004
4638 0,000004
4639 0,000004
4640 0,000004
4641 0,000004
4642 0,000004
4643 0,000004
4644 0,000004
4645 0,000004
4646 0,000004
4647 0,000004
4648 0,000004
4649 0,000004
4650 0,000004
4651 0,000004
4652 0,000004
4653 0,000004
4654 0,000004
4655 0,000004
4656 0,000004
4657 0,000004
4658 0,000004
4659 0,000004
4660 0,000004
4661 0,000004
4662 0,000004
4663 0,000004
4664 0,000004
4665 0,000004
4666 0,000004
4667 0,000004
4668 0,000004
4669 0,000004
4670 0,000004
4671 0,000004
4672 0,000004
4673 0,000004
4674 0,000004
4675 0,000004
4676 0,000004
4677 0,000004
4678 0,000004
4679 0,000004
4680 0,000004
4681 0,000004
4682 0,000004
4683 0,000004
4684 0,000004
4685 0,000004
4686 0,000004
4687 0,000004
4688 0,000004
4689 0,000004
4690 0,000004
4691 0,000004
4692 0,000004
4693 0,000004
4694 0,000004
4695 0,000004
4696 0,000004
4697 0,000004
4698 0,000004
4699 0,000004
4700 0,000004
4701 0,000004
4702 0,000004
4703 0,000004
4704 0,000004
4705 0,000004
4706 0,000004
4707 0,000004
4708 0,000004
4709 0,000004
4710 0,000004
4711 0,000004
4712 0,000004
4713 0,000004
4714 0,000004
4715 0,000004
4716 0,000004
4717 0,000004
4718 0,000004
4719 0,000004
4720 0,000004
4721 0,000004
4722 0,000004
4723 0,000004
4724 0,000004
4725 0,000004
4726 0,000004
4727 0,000004
4728 0,000004
4729 0,000004
4730 0,000004
4731 0,000004
4732 0,000003
4733 0,000003
4734 0,000003
4735 0,000003
4736 0,000003
4737 0,000003
4738 0,000003
4739 0,000003
4740 0,000003
4741 0,000003
4742 0,000003
4743 0,000003
4744 0,000003
4745 0,000003
4746 0,000003
4747 0,000003
4748 0,000003
4749 0,000003
4750 0,000003
4751 0,000003
4752 0,000003
4753 0,000003
4754 0,000003
4755 0,000003
4756 0,000003
4757 0,000003
4758 0,000003
4759 0,000003
4760 0,000003
4761 0,000003
4762 0,000003
4763 0,000003
4764 0,000003
4765 0,000003
4766 0,000003
4767 0,000003
4768 0,000003
4769 0,000003
4770 0,000003
4771 0,000003
4772 0,000003
4773 0,000003
4774 0,000003
4775 0,000003
4776 0,000003
4777 0,000003
4778 0,000003
4779 0,000003
4780 0,000003
4781 0,000003
4782 0,000003
4783 0,000003
4784 0,000003
4785 0,000003
4786 0,000003
4787 0,000003
4788 0,000003
4789 0,000003
4790 0,000003
4791 0,000003
4792 0,000003
4793 0,000003
4794 0,000003
4795 0,000003
4796 0,000003
4797 0,000003
4798 0,000003
4799 0,000003
4800 0,000003
4801 0,000003
4802 0,000003
4803 0,000003
4804 0,000003
4805 0,000003
4806 0,000003
4807 0,000003
4808 0,000003
4809 0,000003
4810 0,000003
4811 0,000003
4812 0,000003
4813 0,000003
4814 0,000003
4815 0,000003
4816 0,000003
4817 0,000003
4818 0,000003
4819 0,000003
4820 0,000003
4821 0,000003
4822 0,000003
4823 0,000003
4824 0,000003
4825 0,000003
4826 0,000003
4827 0,000003
4828 0,000003
4829 0,000003
4830 0,000003
4831 0,000003
4832 0,000003
4833 0,000003
4834 0,000003
4835 0,000003
4836 0,000003
4837 0,000003
4838 0,000003
4839 0,000003
4840 0,000003
4841 0,000003
4842 0,000003
4843 0,000003
4844 0,000003
4845 0,000003
4846 0,000003
4847 0,000003
4848 0,000003
4849 0,000003
4850 0,000003
4851 0,000003
4852 0,000003
4853 0,000003
4854 0,000003
4855 0,000003
4856 0,000003
4857 0,000003
4858 0,000003
4859 0,000003
4860 0,000003
4861 0,000003
4862 0,000003
4863 0,000003
4864 0,000003
4865 0,000003
4866 0,000003
4867 0,000003
4868 0,000003
4869 0,000003
4870 0,000003
4871 0,000003
4872 0,000003
4873 0,000003
4874 0,000003
4875 0,000003
4876 0,000003
4877 0,000003
4878 0,000003
4879 0,000003
4880 0,000003
4881 0,000003
4882 0,000003
4883 0,000003
4884 0,000003
4885 0,000003
4886 0,000003
4887 0,000003
4888 0,000003
4889 0,000003
4890 0,000003
4891 0,000003
4892 0,000003
4893 0,000003
4894 0,000003
4895 0,000003
4896 0,000003
4897 0,000003
4898 0,000003
4899 0,000003
4900 0,000003
4901 0,000003
4902 0,000003
4903 0,000003
4904 0,000003
4905 0,000003
4906 0,000003
4907 0,000003
4908 0,000003
4909 0,000003
4910 0,000003
4911 0,000003
4912 0,000003
4913 0,000003
4914 0,000003
4915 0,000003
4916 0,000003
4917 0,000003
4918 0,000003
4919 0,000003
4920 0,000003
4921 0,000003
4922 0,000003
4923 0,000003
4924 0,000003
4925 0,000003
4926 0,000003
4927 0,000003
4928 0,000003
4929 0,000003
4930 0,000003
4931 0,000003
4932 0,000003
4933 0,000003
4934 0,000003
4935 0,000003
4936 0,000003
4937 0,000003
4938 0,000003
4939 0,000003
4940 0,000003
4941 0,000003
4942 0,000003
4943 0,000003
4944 0,000003
4945 0,000003
4946 0,000003
4947 0,000003
4948 0,000003
4949 0,000003
4950 0,000003
4951 0,000003
4952 0,000003
4953 0,000003
4954 0,000003
4955 0,000003
4956 0,000003
4957 0,000003
4958 0,000003
4959 0,000003
4960 0,000003
4961 0,000003
4962 0,000003
4963 0,000003
4964 0,000003
4965 0,000003
4966 0,000003
4967 0,000003
4968 0,000003
4969 0,000003
4970 0,000003
4971 0,000003
4972 0,000003
4973 0,000003
4974 0,000003
4975 0,000003
4976 0,000003
4977 0,000003
4978 0,000003
4979 0,000003
4980 0,000003
4981 0,000003
4982 0,000003
4983 0,000003
4984 0,000003
4985 0,000003
4986 0,000003
4987 0,000003
4988 0,000003
4989 0,000003
4990 0,000003
4991 0,000003
4992 0,000003
4993 0,000003
4994 0,000003
4995 0,000003
4996 0,000003
4997 0,000003
4998 0,000003
4999 0,000003
5000 0,000003
5001 0,000003
5002 0,000003
5003 0,000003
5004 0,000003
5005 0,000003
5006 0,000003
5007 0,000003
5008 0,000003
5009 0,000003
5010 0,000003
5011 0,000003
5012 0,000003
5013 0,000003
5014 0,000003
5015 0,000003
5016 0,000003
5017 0,000003
5018 0,000003
5019 0,000003
5020 0,000003
5021 0,000003
5022 0,000003
5023 0,000003
5024 0,000003
5025 0,000003
5026 0,000003
5027 0,000003
5028 0,000003
5029 0,000003
5030 0,000003
5031 0,000003
5032 0,000003
5033 0,000003
5034 0,000003
5035 0,000003
5036 0,000003
5037 0,000003
5038 0,000003
5039 0,000003
5040 0,000003
5041 0,000003
5042 0,000003
5043 0,000003
5044 0,000003
5045 0,000003
5046 0,000003
5047 0,000003
5048 0,000003
5049 0,000003
5050 0,000003
5051 0,000003
5052 0,000003
5053 0,000003
5054 0,000003
5055 0,000003
5056 0,000003
5057 0,000003
5058 0,000003
5059 0,000003
5060 0,000003
5061 0,000003
5062 0,000003
5063 0,000003
5064 0,000003
5065 0,000003
5066 0,000003
5067 0,000003
5068 0,000003
5069 0,000003
5070 0,000003
5071 0,000003
5072 0,000003
5073 0,000003
5074 0,000003
5075 0,000003
5076 0,000003
5077 0,000003
5078 0,000003
5079 0,000003
5080 0,000003
5081 0,000003
5082 0,000003
5083 0,000003
5084 0,000003
5085 0,000003
5086 0,000003
5087 0,000003
5088 0,000003
5089 0,000003
5090 0,000003
5091 0,000003
5092 0,000003
5093 0,000003
5094 0,000003
5095 0,000003
5096 0,000003
5097 0,000003
5098 0,000003
5099 0,000003
5100 0,000003
5101 0,000003
5102 0,000003
5103 0,000003
5104 0,000003
5105 0,000003
5106 0,000003
5107 0,000003
5108 0,000003
5109 0,000003
5110 0,000003
5111 0,000003
5112 0,000003
5113 0,000003
5114 0,000003
5115 0,000003
5116 0,000003
5117 0,000003
5118 0,000003
5119 0,000003
5120 0,000003
5121 0,000003
5122 0,000003
5123 0,000003
5124 0,000003
5125 0,000003
5126 0,000003
5127 0,000003
5128 0,000003
5129 0,000003
5130 0,000003
5131 0,000003
5132 0,000003
5133 0,000003
5134 0,000003
5135 0,000003
5136 0,000003
5137 0,000003
5138 0,000003
5139 0,000003
5140 0,000003
5141 0,000003
5142 0,000003
5143 0,000003
5144 0,000003
5145 0,000003
5146 0,000003
5147 0,000003
5148 0,000003
5149 0,000003
5150 0,000003
5151 0,000003
5152 0,000003
5153 0,000003
5154 0,000003
5155 0,000003
5156 0,000003
5157 0,000003
5158 0,000003
5159 0,000003
5160 0,000003
5161 0,000003
5162 0,000003
5163 0,000003
5164 0,000003
5165 0,000003
5166 0,000003
5167 0,000003
5168 0,000003
5169 0,000003
5170 0,000003
5171 0,000003
5172 0,000003
5173 0,000003
5174 0,000003
5175 0,000003
5176 0,000003
5177 0,000003
5178 0,000003
5179 0,000003
5180 0,000003
5181 0,000003
5182 0,000003
5183 0,000003
5184 0,000003
5185 0,000003
5186 0,000003
5187 0,000003
5188 0,000003
5189 0,000003
5190 0,000003
5191 0,000003
5192 0,000003
5193 0,000003
5194 0,000003
5195 0,000003
5196 0,000003
5197 0,000003
5198 0,000003
5199 0,000003
5200 0,000003
5201 0,000003
5202 0,000003
5203 0,000003
5204 0,000003
5205 0,000003
5206 0,000003
5207 0,000003
5208 0,000003
5209 0,000003
5210 0,000003
5211 0,000003
5212 0,000003
5213 0,000003
5214 0,000003
5215 0,000003
5216 0,000003
5217 0,000003
5218 0,000003
5219 0,000003
5220 0,000003
5221 0,000003
5222 0,000003
5223 0,000003
5224 0,000003
5225 0,000003
5226 0,000003
5227 0,000003
5228 0,000003
5229 0,000003
5230 0,000003
5231 0,000003
5232 0,000003
5233 0,000003
5234 0,000003
5235 0,000003
5236 0,000003
5237 0,000003
5238 0,000003
5239 0,000003
5240 0,000003
5241 0,000003
5242 0,000003
5243 0,000003
5244 0,000003
5245 0,000003
5246 0,000003
5247 0,000003
5248 0,000003
5249 0,000003
5250 0,000003
5251 0,000003
5252 0,000003
5253 0,000003
5254 0,000003
5255 0,000003
5256 0,000003
5257 0,000003
5258 0,000003
5259 0,000003
5260 0,000003
5261 0,000003
5262 0,000003
5263 0,000003
5264 0,000003
5265 0,000003
5266 0,000003
5267 0,000003
5268 0,000003
5269 0,000003
5270 0,000003
5271 0,000003
5272 0,000003
5273 0,000003
5274 0,000003
5275 0,000003
5276 0,000003
5277 0,000003
5278 0,000003
5279 0,000003
5280 0,000003
5281 0,000003
5282 0,000003
5283 0,000003
5284 0,000003
5285 0,000003
5286 0,000003
5287 0,000003
5288 0,000003
5289 0,000003
5290 0,000003
5291 0,000003
5292 0,000003
5293 0,000003
5294 0,000003
5295 0,000003
5296 0,000003
5297 0,000003
5298 0,000003
5299 0,000003
5300 0,000003
5301 0,000003
5302 0,000003
5303 0,000003
5304 0,000003
5305 0,000003
5306 0,000003
5307 0,000003
5308 0,000003
5309 0,000003
5310 0,000003
5311 0,000003
5312 0,000003
5313 0,000003
5314 0,000003
5315 0,000003
5316 0,000003
5317 0,000003
5318 0,000003
5319 0,000003
5320 0,000003
5321 0,000003
5322 0,000003
5323 0,000003
5324 0,000003
5325 0,000003
5326 0,000003
5327 0,000003
5328 0,000003
5329 0,000003
5330 0,000003
5331 0,000003
5332 0,000003
5333 0,000003
5334 0,000003
5335 0,000003
5336 0,000003
5337 0,000003
5338 0,000003
5339 0,000003
5340 0,000003
5341 0,000003
5342 0,000003
5343 0,000003
5344 0,000003
5345 0,000003
5346 0,000003
5347 0,000003
5348 0,000003
5349 0,000003
5350 0,000003
5351 0,000003
5352 0,000003
5353 0,000003
5354 0,000003
5355 0,000003
5356 0,000003
5357 0,000003
5358 0,000003
5359 0,000003
5360 0,000003
5361 0,000003
5362 0,000003
5363 0,000003
5364 0,000003
5365 0,000003
5366 0,000003
5367 0,000003
5368 0,000003
5369 0,000003
5370 0,000003
5371 0,000003
5372 0,000003
5373 0,000003
5374 0,000003
5375 0,000003
5376 0,000003
5377 0,000003
5378 0,000003
5379 0,000003
5380 0,000003
5381 0,000003
5382 0,000003
5383 0,000003
5384 0,000003
5385 0,000003
5386 0,000003
5387 0,000003
5388 0,000003
5389 0,000003
5390 0,000003
5391 0,000003
5392 0,000003
5393 0,000003
5394 0,000003
5395 0,000003
5396 0,000003
5397 0,000003
5398 0,000003
5399 0,000003
5400 0,000003
5401 0,000003
5402 0,000003
5403 0,000003
5404 0,000003
5405 0,000003
5406 0,000003
5407 0,000003
5408 0,000003
5409 0,000003
5410 0,000003
5411 0,000003
5412 0,000003
5413 0,000003
5414 0,000003
5415 0,000003
5416 0,000003
5417 0,000003
5418 0,000003
5419 0,000003
5420 0,000003
5421 0,000003
5422 0,000003
5423 0,000003
5424 0,000003
5425 0,000003
5426 0,000003
5427 0,000003
5428 0,000003
5429 0,000003
5430 0,000003
5431 0,000003
5432 0,000003
5433 0,000003
5434 0,000003
5435 0,000003
5436 0,000003
5437 0,000003
5438 0,000003
5439 0,000003
5440 0,000003
5441 0,000003
5442 0,000003
5443 0,000003
5444 0,000003
5445 0,000003
5446 0,000003
5447 0,000003
5448 0,000003
5449 0,000003
5450 0,000003
5451 0,000003
5452 0,000003
5453 0,000003
5454 0,000003
5455 0,000003
5456 0,000003
5457 0,000003
5458 0,000003
5459 0,000003
5460 0,000003
5461 0,000003
5462 0,000003
5463 0,000003
5464 0,000003
5465 0,000003
5466 0,000003
5467 0,000003
5468 0,000003
5469 0,000003
5470 0,000003
5471 0,000003
5472 0,000003
5473 0,000003
5474 0,000003
5475 0,000003
5476 0,000003
5477 0,000003
5478 0,000003
5479 0,000003
5480 0,000003
5481 0,000003
5482 0,000003
5483 0,000003
5484 0,000003
5485 0,000003
5486 0,000003
5487 0,000003
5488 0,000003
5489 0,000003
5490 0,000003
5491 0,000003
5492 0,000003
5493 0,000003
5494 0,000003
5495 0,000003
5496 0,000003
5497 0,000003
5498 0,000003
5499 0,000003
5500 0,000003
5501 0,000003
5502 0,000003
5503 0,000003
5504 0,000003
5505 0,000003
5506 0,000003
5507 0,000003
5508 0,000003
5509 0,000003
5510 0,000003
5511 0,000003
5512 0,000003
5513 0,000003
5514 0,000003
5515 0,000003
5516 0,000003
5517 0,000003
5518 0,000003
5519 0,000003
5520 0,000003
5521 0,000003
5522 0,000003
5523 0,000003
5524 0,000003
5525 0,000003
5526 0,000003
5527 0,000003
5528 0,000003
5529 0,000003
5530 0,000003
5531 0,000003
5532 0,000003
5533 0,000003
5534 0,000003
5535 0,000003
5536 0,000003
5537 0,000003
5538 0,000003
5539 0,000003
5540 0,000003
5541 0,000003
5542 0,000003
5543 0,000003
5544 0,000003
5545 0,000003
5546 0,000003
5547 0,000003
5548 0,000003
5549 0,000003
5550 0,000003
5551 0,000003
5552 0,000003
5553 0,000003
5554 0,000003
5555 0,000003
5556 0,000003
5557 0,000003
5558 0,000003
5559 0,000003
5560 0,000003
5561 0,000003
5562 0,000003
5563 0,000003
5564 0,000003
5565 0,000003
5566 0,000003
5567 0,000003
5568 0,000003
5569 0,000003
5570 0,000003
5571 0,000003
5572 0,000003
5573 0,000003
5574 0,000003
5575 0,000003
5576 0,000003
5577 0,000003
5578 0,000003
5579 0,000003
5580 0,000003
5581 0,000003
5582 0,000003
5583 0,000003
5584 0,000003
5585 0,000003
5586 0,000003
5587 0,000003
5588 0,000003
5589 0,000003
5590 0,000003
5591 0,000003
5592 0,000003
5593 0,000003
5594 0,000003
5595 0,000003
5596 0,000003
5597 0,000003
5598 0,000003
5599 0,000003
5600 0,000003
5601 0,000003
5602 0,000003
5603 0,000003
5604 0,000003
5605 0,000003
5606 0,000003
5607 0,000003
5608 0,000003
5609 0,000003
5610 0,000003
5611 0,000003
5612 0,000003
5613 0,000003
5614 0,000003
5615 0,000003
5616 0,000003
5617 0,000003
5618 0,000003
5619 0,000003
5620 0,000003
5621 0,000003
5622 0,000003
5623 0,000003
5624 0,000003
5625 0,000003
5626 0,000003
5627 0,000003
5628 0,000003
5629 0,000003
5630 0,000003
5631 0,000003
5632 0,000003
5633 0,000003
5634 0,000003
5635 0,000003
5636 0,000003
5637 0,000003
5638 0,000003
5639 0,000003
5640 0,000003
5641 0,000003
5642 0,000003
5643 0,000003
5644 0,000003
5645 0,000003
5646 0,000003
5647 0,000003
5648 0,000003
5649 0,000003
5650 0,000003
5651 0,000003
5652 0,000003
5653 0,000003
5654 0,000003
5655 0,000003
5656 0,000003
5657 0,000003
5658 0,000003
5659 0,000003
5660 0,000003
5661 0,000003
5662 0,000003
5663 0,000003
5664 0,000003
5665 0,000003
5666 0,000003
5667 0,000003
5668 0,000003
5669 0,000003
5670 0,000003
5671 0,000003
5672 0,000003
5673 0,000003
5674 0,000003
5675 0,000003
5676 0,000003
5677 0,000003
5678 0,000003
5679 0,000003
5680 0,000003
5681 0,000003
5682 0,000003
5683 0,000003
5684 0,000003
5685 0,000003
5686 0,000003
5687 0,000003
5688 0,000003
5689 0,000003
5690 0,000003
5691 0,000003
5692 0,000003
5693 0,000003
5694 0,000003
5695 0,000003
5696 0,000003
5697 0,000003
5698 0,000003
5699 0,000003
5700 0,000003
5701 0,000003
5702 0,000003
5703 0,000003
5704 0,000003
5705 0,000003
5706 0,000003
5707 0,000003
5708 0,000003
5709 0,000003
5710 0,000003
5711 0,000003
5712 0,000003
5713 0,000003
5714 0,000003
5715 0,000003
5716 0,000003
5717 0,000003
5718 0,000003
5719 0,000003
5720 0,000003
5721 0,000003
5722 0,000003
5723 0,000003
5724 0,000003
5725 0,000003
5726 0,000003
5727 0,000003
5728 0,000003
5729 0,000003
5730 0,000003
5731 0,000003
5732 0,000003
5733 0,000003
5734 0,000003
5735 0,000003
5736 0,000003
5737 0,000003
5738 0,000003
5739 0,000003
5740 0,000003
5741 0,000003
5742 0,000003
5743 0,000003
5744 0,000003
5745 0,000003
5746 0,000003
5747 0,000003
5748 0,000003
5749 0,000003
5750 0,000003
5751 0,000003
5752 0,000003
5753 0,000003
5754 0,000003
5755 0,000003
5756 0,000003
5757 0,000003
5758 0,000003
5759 0,000003
5760 0,000003
5761 0,000003
5762 0,000003
5763 0,000003
5764 0,000003
5765 0,000003
5766 0,000003
5767 0,000003
5768 0,000003
5769 0,000003
5770 0,000003
5771 0,000003
5772 0,000003
5773 0,000003
5774 0,000003
5775 0,000003
5776 0,000003
5777 0,000003
5778 0,000003
5779 0,000003
5780 0,000003
5781 0,000003
5782 0,000003
5783 0,000003
5784 0,000003
5785 0,000003
5786 0,000003
5787 0,000003
5788 0,000003
5789 0,000003
5790 0,000003
5791 0,000003
5792 0,000003
5793 0,000003
5794 0,000003
5795 0,000003
5796 0,000003
5797 0,000003
5798 0,000003
5799 0,000003
5800 0,000003
5801 0,000003
5802 0,000003
5803 0,000003
5804 0,000003
5805 0,000003
5806 0,000003
5807 0,000003
5808 0,000003
5809 0,000003
5810 0,000003
5811 0,000003
5812 0,000003
5813 0,000003
5814 0,000003
5815 0,000003
5816 0,000003
5817 0,000003
5818 0,000003
5819 0,000003
5820 0,000003
5821 0,000003
5822 0,000003
5823 0,000003
5824 0,000003
5825 0,000003
5826 0,000003
5827 0,000003
5828 0,000003
5829 0,000003
5830 0,000003
5831 0,000003
5832 0,000003
5833 0,000003
5834 0,000003
5835 0,000003
5836 0,000003
5837 0,000003
5838 0,000003
5839 0,000003
5840 0,000003
5841 0,000003
5842 0,000003
5843 0,000003
5844 0,000003
5845 0,000003
5846 0,000003
5847 0,000003
5848 0,000003
5849 0,000003
5850 0,000003
5851 0,000003
5852 0,000003
5853 0,000003
5854 0,000003
5855 0,000003
5856 0,000003
5857 0,000003
5858 0,000003
5859 0,000003
5860 0,000003
5861 0,000003
5862 0,000003
5863 0,000003
5864 0,000003
5865 0,000003
5866 0,000003
5867 0,000003
5868 0,000003
5869 0,000003
5870 0,000003
5871 0,000003
5872 0,000003
5873 0,000003
5874 0,000003
5875 0,000003
5876 0,000003
5877 0,000003
5878 0,000003
5879 0,000003
5880 0,000003
5881 0,000003
5882 0,000003
5883 0,000003
5884 0,000003
5885 0,000003
5886 0,000003
5887 0,000003
5888 0,000003
5889 0,000003
5890 0,000003
5891 0,000003
5892 0,000003
5893 0,000003
5894 0,000003
5895 0,000003
5896 0,000003
5897 0,000003
5898 0,000003
5899 0,000003
5900 0,000003
5901 0,000003
5902 0,000003
5903 0,000003
5904 0,000003
5905 0,000003
5906 0,000003
5907 0,000003
5908 0,000003
5909 0,000003
5910 0,000003
5911 0,000003
5912 0,000003
5913 0,000003
5914 0,000003
5915 0,000003
5916 0,000003
5917 0,000003
5918 0,000003
5919 0,000003
5920 0,000003
5921 0,000003
5922 0,000003
5923 0,000003
5924 0,000003
5925 0,000003
5926 0,000003
5927 0,000003
5928 0,000003
5929 0,000003
5930 0,000003
5931 0,000003
5932 0,000003
5933 0,000003
5934 0,000003
5935 0,000003
5936 0,000003
5937 0,000003
5938 0,000003
5939 0,000003
5940 0,000003
5941 0,000003
5942 0,000003
5943 0,000003
5944 0,000003
5945 0,000003
5946 0,000003
5947 0,000003
5948 0,000003
5949 0,000003
5950 0,000003
5951 0,000003
5952 0,000003
5953 0,000003
5954 0,000003
5955 0,000003
5956 0,000003
5957 0,000003
5958 0,000003
5959 0,000003
5960 0,000003
5961 0,000003
5962 0,000003
5963 0,000003
5964 0,000003
5965 0,000003
5966 0,000003
5967 0,000003
5968 0,000003
5969 0,000003
5970 0,000003
5971 0,000003
5972 0,000003
5973 0,000003
5974 0,000003
5975 0,000003
5976 0,000003
5977 0,000003
5978 0,000003
5979 0,000003
5980 0,000003
5981 0,000003
5982 0,000003
5983 0,000003
5984 0,000003
5985 0,000003
5986 0,000003
5987 0,000003
5988 0,000003
5989 0,000003
5990 0,000003
5991 0,000003
5992 0,000003
5993 0,000003
5994 0,000003
5995 0,000003
5996 0,000003
5997 0,000003
5998 0,000003
5999 0,000003
